dataFileVersion = 4
numFileSegments = 1
minCoordinates = [
 0.000000
 0.000000
 0.000000
 ]
maxCoordinates = [
 20080.321285
 20080.321285
 20080.321285
 ]
nodeCount = 20
dataDecompType = 2
dataDecompGeometry = [
 1
 1
 1
 ]

#
#  END OF DATA FILE PARAMETERS
#

domainDecomposition = 
# Dom_ID  Minimum XYZ bounds   Maximum XYZ bounds
  0  0.000000  0.000000  0.000000  20080.321285  20080.321285  20080.321285
nodalData =
# Primary lines: node_tag, x, y, z, num_arms, constraint
# Secondary lines: arm_tag, burgx, burgy, burgz, nx, ny, nz
0,    0 12599.593676194463 15996.257983874713 9543.863956256944    1    7
         0,    1   0.000000000000   0.707106781187  -0.707106781187
                   0.577350269190   0.577350269190   0.577350269190
0,    1 12727.502763457809 16155.799807172956 9256.413045695355    2    0
         0,    0  -0.000000000000  -0.707106781187   0.707106781187
                   0.577350269190   0.577350269190   0.577350269190
         0,    2   0.000000000000   0.707106781187  -0.707106781187
                   0.577350269190   0.577350269190   0.577350269190
0,    2 12855.411850721155 16315.341630471197 8968.962135133768    2    0
         0,    1  -0.000000000000  -0.707106781187   0.707106781187
                   0.577350269190   0.577350269190   0.577350269190
         0,    3   0.000000000000   0.707106781187  -0.707106781187
                   0.577350269190   0.577350269190   0.577350269190
0,    3 12983.320937984503 16474.883453769438 8681.511224572179    2    0
         0,    2  -0.000000000000  -0.707106781187   0.707106781187
                   0.577350269190   0.577350269190   0.577350269190
         0,    4   0.000000000000   0.707106781187  -0.707106781187
                   0.577350269190   0.577350269190   0.577350269190
0,    4 13111.230025247849 16634.425277067683 8394.060314010590    1    7
         0,    3  -0.000000000000  -0.707106781187   0.707106781187
                   0.577350269190   0.577350269190   0.577350269190
0,    5 1230.531546739909 16393.270264698636 12877.527587374470    1    7
         0,    6  -0.707106781187  -0.000000000000   0.707106781187
                   0.577350269190  -0.577350269190   0.577350269190
0,    6 1430.083605531326 16461.485908983195 12746.191172867613    2    0
         0,    5   0.707106781187   0.000000000000  -0.707106781187
                   0.577350269190  -0.577350269190   0.577350269190
         0,    7  -0.707106781187  -0.000000000000   0.707106781187
                   0.577350269190  -0.577350269190   0.577350269190
0,    7 1629.635664322744 16529.701553267758 12614.854758360756    2    0
         0,    6   0.707106781187   0.000000000000  -0.707106781187
                   0.577350269190  -0.577350269190   0.577350269190
         0,    8  -0.707106781187  -0.000000000000   0.707106781187
                   0.577350269190  -0.577350269190   0.577350269190
0,    8 1829.187723114161 16597.917197552317 12483.518343853899    2    0
         0,    7   0.707106781187   0.000000000000  -0.707106781187
                   0.577350269190  -0.577350269190   0.577350269190
         0,    9  -0.707106781187  -0.000000000000   0.707106781187
                   0.577350269190  -0.577350269190   0.577350269190
0,    9 2028.739781905579 16666.132841836879 12352.181929347043    1    7
         0,    8   0.707106781187   0.000000000000  -0.707106781187
                   0.577350269190  -0.577350269190   0.577350269190
0,   10 18766.539083100673 17154.858766136873 15532.680829547633    1    7
         0,   11  -0.000000000000  -0.707106781187  -0.707106781187
                   0.577350269190  -0.577350269190   0.577350269190
0,   11 18953.360602092736 17372.998354920801 15563.998899339500    2    0
         0,   10   0.000000000000   0.707106781187   0.707106781187
                   0.577350269190  -0.577350269190   0.577350269190
         0,   12  -0.000000000000  -0.707106781187  -0.707106781187
                   0.577350269190  -0.577350269190   0.577350269190
0,   12 19140.182121084796 17591.137943704729 15595.316969131365    2    0
         0,   11   0.000000000000   0.707106781187   0.707106781187
                   0.577350269190  -0.577350269190   0.577350269190
         0,   13  -0.000000000000  -0.707106781187  -0.707106781187
                   0.577350269190  -0.577350269190   0.577350269190
0,   13 19327.003640076859 17809.277532488657 15626.635038923232    2    0
         0,   12   0.000000000000   0.707106781187   0.707106781187
                   0.577350269190  -0.577350269190   0.577350269190
         0,   14  -0.000000000000  -0.707106781187  -0.707106781187
                   0.577350269190  -0.577350269190   0.577350269190
0,   14 19513.825159068918 18027.417121272585 15657.953108715099    1    7
         0,   13   0.000000000000   0.707106781187   0.707106781187
                   0.577350269190  -0.577350269190   0.577350269190
0,   15 871.312143746622 3830.668187210887 13930.436822779937    1    7
         0,   16   0.000000000000   0.707106781187   0.707106781187
                   0.577350269190   0.577350269190  -0.577350269190
0,   16 918.577182557478 3614.138532942985 13761.172207322892    2    0
         0,   15  -0.000000000000  -0.707106781187  -0.707106781187
                   0.577350269190   0.577350269190  -0.577350269190
         0,   17   0.000000000000   0.707106781187   0.707106781187
                   0.577350269190   0.577350269190  -0.577350269190
0,   17 965.842221368335 3397.608878675084 13591.907591865847    2    0
         0,   16  -0.000000000000  -0.707106781187  -0.707106781187
                   0.577350269190   0.577350269190  -0.577350269190
         0,   18   0.000000000000   0.707106781187   0.707106781187
                   0.577350269190   0.577350269190  -0.577350269190
0,   18 1013.107260179192 3181.079224407183 13422.642976408804    2    0
         0,   17  -0.000000000000  -0.707106781187  -0.707106781187
                   0.577350269190   0.577350269190  -0.577350269190
         0,   19   0.000000000000   0.707106781187   0.707106781187
                   0.577350269190   0.577350269190  -0.577350269190
0,   19 1060.372298990049 2964.549570139282 13253.378360951760    1    7
         0,   18  -0.000000000000  -0.707106781187  -0.707106781187
                   0.577350269190   0.577350269190  -0.577350269190
