dataFileVersion = 4
numFileSegments = 1
minCoordinates = [
 0.000000
 0.000000
 0.000000
 ]
maxCoordinates = [
 12048.192771
 12048.192771
 12048.192771
 ]
nodeCount = 26
dataDecompType = 2
dataDecompGeometry = [
 1
 1
 1
 ]

#
#  END OF DATA FILE PARAMETERS
#

domainDecomposition = 
# Dom_ID  Minimum XYZ bounds   Maximum XYZ bounds
  0  0.000000  0.000000  0.000000  12048.192771  12048.192771  12048.192771
nodalData =
# Primary lines: node_tag, x, y, z, num_arms, constraint
# Secondary lines: arm_tag, burgx, burgy, burgz, nx, ny, nz
0,    0 5231.795367616443 2694.342163253165 6614.673806450996    1    7
         0,    1   0.707106781187   0.000000000000   0.707106781187
                  -0.577350269190   0.577350269190   0.577350269190
0,    1 5276.013118532907 2711.731667999017 6641.502052621609    2    0
         0,    0  -0.707106781187  -0.000000000000  -0.707106781187
                  -0.577350269190   0.577350269190   0.577350269190
         0,    2   0.707106781187   0.000000000000   0.707106781187
                  -0.577350269190   0.577350269190   0.577350269190
0,    2 5320.230869449372 2729.121172744868 6668.330298792222    2    0
         0,    1  -0.707106781187  -0.000000000000  -0.707106781187
                  -0.577350269190   0.577350269190   0.577350269190
         0,    3   0.707106781187   0.000000000000   0.707106781187
                  -0.577350269190   0.577350269190   0.577350269190
0,    3 5364.448620365836 2746.510677490720 6695.158544962835    2    0
         0,    2  -0.707106781187  -0.000000000000  -0.707106781187
                  -0.577350269190   0.577350269190   0.577350269190
         0,    4   0.707106781187   0.000000000000   0.707106781187
                  -0.577350269190   0.577350269190   0.577350269190
0,    4 5408.666371282300 2763.900182236571 6721.986791133447    2    0
         0,    3  -0.707106781187  -0.000000000000  -0.707106781187
                  -0.577350269190   0.577350269190   0.577350269190
         0,    5   0.707106781187   0.000000000000   0.707106781187
                  -0.577350269190   0.577350269190   0.577350269190
0,    5 5452.884122198764 2781.289686982423 6748.815037304060    1    7
         0,    4  -0.707106781187  -0.000000000000  -0.707106781187
                  -0.577350269190   0.577350269190   0.577350269190
0,    6 9881.902217448618 7597.556745088970 9210.287213855907    1    7
         0,    7  -0.707106781187  -0.707106781187  -0.000000000000
                   0.577350269190  -0.577350269190   0.577350269190
0,    7 9917.725291879206 7602.699825954900 9179.607220291249    2    0
         0,    6   0.707106781187   0.707106781187   0.000000000000
                   0.577350269190  -0.577350269190   0.577350269190
         0,    8  -0.707106781187  -0.707106781187  -0.000000000000
                   0.577350269190  -0.577350269190   0.577350269190
0,    8 9953.548366309793 7607.842906820830 9148.927226726591    2    0
         0,    7   0.707106781187   0.707106781187   0.000000000000
                   0.577350269190  -0.577350269190   0.577350269190
         0,    9  -0.707106781187  -0.707106781187  -0.000000000000
                   0.577350269190  -0.577350269190   0.577350269190
0,    9 9989.371440740379 7612.985987686759 9118.247233161934    2    0
         0,    8   0.707106781187   0.707106781187   0.000000000000
                   0.577350269190  -0.577350269190   0.577350269190
         0,   10  -0.707106781187  -0.707106781187  -0.000000000000
                   0.577350269190  -0.577350269190   0.577350269190
0,   10 10025.194515170966 7618.129068552688 9087.567239597276    2    0
         0,    9   0.707106781187   0.707106781187   0.000000000000
                   0.577350269190  -0.577350269190   0.577350269190
         0,   11  -0.707106781187  -0.707106781187  -0.000000000000
                   0.577350269190  -0.577350269190   0.577350269190
0,   11 10061.017589601553 7623.272149418618 9056.887246032620    1    7
         0,   10   0.707106781187   0.707106781187   0.000000000000
                   0.577350269190  -0.577350269190   0.577350269190
0,   12 11784.078920629969 10780.812760899003 9268.875099083833    1    7
         0,   13  -0.707106781187   0.707106781187  -0.000000000000
                   0.577350269190   0.577350269190   0.577350269190
0,   13 11754.438253893486 10774.040319804948 9305.288206914371    2    0
         0,   12   0.707106781187  -0.707106781187   0.000000000000
                   0.577350269190   0.577350269190   0.577350269190
         0,   14  -0.707106781187   0.707106781187  -0.000000000000
                   0.577350269190   0.577350269190   0.577350269190
0,   14 11724.797587157003 10767.267878710894 9341.701314744909    2    0
         0,   13   0.707106781187  -0.707106781187   0.000000000000
                   0.577350269190   0.577350269190   0.577350269190
         0,   15  -0.707106781187   0.707106781187  -0.000000000000
                   0.577350269190   0.577350269190   0.577350269190
0,   15 11695.156920420521 10760.495437616839 9378.114422575445    2    0
         0,   14   0.707106781187  -0.707106781187   0.000000000000
                   0.577350269190   0.577350269190   0.577350269190
         0,   16  -0.707106781187   0.707106781187  -0.000000000000
                   0.577350269190   0.577350269190   0.577350269190
0,   16 11665.516253684038 10753.722996522783 9414.527530405983    2    0
         0,   15   0.707106781187  -0.707106781187   0.000000000000
                   0.577350269190   0.577350269190   0.577350269190
         0,   17  -0.707106781187   0.707106781187  -0.000000000000
                   0.577350269190   0.577350269190   0.577350269190
0,   17 11635.875586947555 10746.950555428730 9450.940638236521    2    0
         0,   16   0.707106781187  -0.707106781187   0.000000000000
                   0.577350269190   0.577350269190   0.577350269190
         0,   18  -0.707106781187   0.707106781187  -0.000000000000
                   0.577350269190   0.577350269190   0.577350269190
0,   18 11606.234920211071 10740.178114334674 9487.353746067060    1    7
         0,   17   0.707106781187  -0.707106781187   0.000000000000
                   0.577350269190   0.577350269190   0.577350269190
0,   19 5515.200875481389 515.605526274462 1954.702602688895    1    7
         0,   20   0.000000000000   0.707106781187   0.707106781187
                   0.577350269190  -0.577350269190   0.577350269190
0,   20 5551.182124726685 519.655755617628 1922.771582786765    2    0
         0,   19  -0.000000000000  -0.707106781187  -0.707106781187
                   0.577350269190  -0.577350269190   0.577350269190
         0,   21   0.000000000000   0.707106781187   0.707106781187
                   0.577350269190  -0.577350269190   0.577350269190
0,   21 5587.163373971983 523.705984960795 1890.840562884634    2    0
         0,   20  -0.000000000000  -0.707106781187  -0.707106781187
                   0.577350269190  -0.577350269190   0.577350269190
         0,   22   0.000000000000   0.707106781187   0.707106781187
                   0.577350269190  -0.577350269190   0.577350269190
0,   22 5623.144623217279 527.756214303961 1858.909542982504    2    0
         0,   21  -0.000000000000  -0.707106781187  -0.707106781187
                   0.577350269190  -0.577350269190   0.577350269190
         0,   23   0.000000000000   0.707106781187   0.707106781187
                   0.577350269190  -0.577350269190   0.577350269190
0,   23 5659.125872462576 531.806443647128 1826.978523080374    2    0
         0,   22  -0.000000000000  -0.707106781187  -0.707106781187
                   0.577350269190  -0.577350269190   0.577350269190
         0,   24   0.000000000000   0.707106781187   0.707106781187
                   0.577350269190  -0.577350269190   0.577350269190
0,   24 5695.107121707872 535.856672990294 1795.047503178243    2    0
         0,   23  -0.000000000000  -0.707106781187  -0.707106781187
                   0.577350269190  -0.577350269190   0.577350269190
         0,   25   0.000000000000   0.707106781187   0.707106781187
                   0.577350269190  -0.577350269190   0.577350269190
0,   25 5731.088370953170 539.906902333460 1763.116483276113    1    7
         0,   24  -0.000000000000  -0.707106781187  -0.707106781187
                   0.577350269190  -0.577350269190   0.577350269190
