dataFileVersion = 4
numFileSegments = 1
minCoordinates = [
 0.000000
 0.000000
 0.000000
 ]
maxCoordinates = [
 40160.642570
 40160.642570
 40160.642570
 ]
nodeCount = 20
dataDecompType = 2
dataDecompGeometry = [
 1
 1
 1
 ]

#
#  END OF DATA FILE PARAMETERS
#

domainDecomposition = 
# Dom_ID  Minimum XYZ bounds   Maximum XYZ bounds
  0  0.000000  0.000000  0.000000  40160.642570  40160.642570  40160.642570
nodalData =
# Primary lines: node_tag, x, y, z, num_arms, constraint
# Secondary lines: arm_tag, burgx, burgy, burgz, nx, ny, nz
0,    0 16370.657309266528 22324.358162776160 33082.468438907359    1    7
         0,    1   0.707106781187   0.000000000000   0.707106781187
                   0.577350269190   0.577350269190  -0.577350269190
0,    1 17234.790109582420 20596.092562144378 32218.335638591467    2    0
         0,    0  -0.707106781187  -0.000000000000  -0.707106781187
                   0.577350269190   0.577350269190  -0.577350269190
         0,    2   0.707106781187   0.000000000000   0.707106781187
                   0.577350269190   0.577350269190  -0.577350269190
0,    2 18098.922909898309 18867.826961512597 31354.202838275578    2    0
         0,    1  -0.707106781187  -0.000000000000  -0.707106781187
                   0.577350269190   0.577350269190  -0.577350269190
         0,    3   0.707106781187   0.000000000000   0.707106781187
                   0.577350269190   0.577350269190  -0.577350269190
0,    3 18963.055710214197 17139.561360880816 30490.070037959689    2    0
         0,    2  -0.707106781187  -0.000000000000  -0.707106781187
                   0.577350269190   0.577350269190  -0.577350269190
         0,    4   0.707106781187   0.000000000000   0.707106781187
                   0.577350269190   0.577350269190  -0.577350269190
0,    4 19827.188510530090 15411.295760249035 29625.937237643797    1    7
         0,    3  -0.707106781187  -0.000000000000  -0.707106781187
                   0.577350269190   0.577350269190  -0.577350269190
0,    5 19771.537859416399 15561.555803335155 10388.391925146487    1    7
         0,    6  -0.000000000000  -0.707106781187  -0.707106781187
                   0.577350269190   0.577350269190  -0.577350269190
0,    6 17184.113025147886 16855.268220469414 9094.679508012228    2    0
         0,    5   0.000000000000   0.707106781187   0.707106781187
                   0.577350269190   0.577350269190  -0.577350269190
         0,    7  -0.000000000000  -0.707106781187  -0.707106781187
                   0.577350269190   0.577350269190  -0.577350269190
0,    7 14596.688190879369 18148.980637603672 7800.967090877971    2    0
         0,    6   0.000000000000   0.707106781187   0.707106781187
                   0.577350269190   0.577350269190  -0.577350269190
         0,    8  -0.000000000000  -0.707106781187  -0.707106781187
                   0.577350269190   0.577350269190  -0.577350269190
0,    8 12009.263356610852 19442.693054737931 6507.254673743713    2    0
         0,    7   0.000000000000   0.707106781187   0.707106781187
                   0.577350269190   0.577350269190  -0.577350269190
         0,    9  -0.000000000000  -0.707106781187  -0.707106781187
                   0.577350269190   0.577350269190  -0.577350269190
0,    9 9421.838522342337 20736.405471872189 5213.542256609455    1    7
         0,    8   0.000000000000   0.707106781187   0.707106781187
                   0.577350269190   0.577350269190  -0.577350269190
0,   10 33056.166749758726 30244.614648681272 17369.868036703854    1    7
         0,   11  -0.707106781187   0.707106781187  -0.000000000000
                   0.577350269190   0.577350269190   0.577350269190
0,   11 32161.103883121872 29349.551782044418 19159.993769977566    2    0
         0,   10   0.707106781187  -0.707106781187   0.000000000000
                   0.577350269190   0.577350269190   0.577350269190
         0,   12  -0.707106781187   0.707106781187  -0.000000000000
                   0.577350269190   0.577350269190   0.577350269190
0,   12 31266.041016485015 28454.488915407561 20950.119503251277    2    0
         0,   11   0.707106781187  -0.707106781187   0.000000000000
                   0.577350269190   0.577350269190   0.577350269190
         0,   13  -0.707106781187   0.707106781187  -0.000000000000
                   0.577350269190   0.577350269190   0.577350269190
0,   13 30370.978149848157 27559.426048770703 22740.245236524988    2    0
         0,   12   0.707106781187  -0.707106781187   0.000000000000
                   0.577350269190   0.577350269190   0.577350269190
         0,   14  -0.707106781187   0.707106781187  -0.000000000000
                   0.577350269190   0.577350269190   0.577350269190
0,   14 29475.915283211303 26664.363182133849 24530.370969798700    1    7
         0,   13   0.707106781187  -0.707106781187   0.000000000000
                   0.577350269190   0.577350269190   0.577350269190
0,   15 19312.629194241155 4890.175173345866 16834.715038354094    1    7
         0,   16   0.707106781187   0.000000000000  -0.707106781187
                   0.577350269190  -0.577350269190   0.577350269190
0,   16 20328.429861220735 6921.776507305026 17850.515705333673    2    0
         0,   15  -0.707106781187  -0.000000000000   0.707106781187
                   0.577350269190  -0.577350269190   0.577350269190
         0,   17   0.707106781187   0.000000000000  -0.707106781187
                   0.577350269190  -0.577350269190   0.577350269190
0,   17 21344.230528200314 8953.377841264186 18866.316372313253    2    0
         0,   16  -0.707106781187  -0.000000000000   0.707106781187
                   0.577350269190  -0.577350269190   0.577350269190
         0,   18   0.707106781187   0.000000000000  -0.707106781187
                   0.577350269190  -0.577350269190   0.577350269190
0,   18 22360.031195179894 10984.979175223345 19882.117039292832    2    0
         0,   17  -0.707106781187  -0.000000000000   0.707106781187
                   0.577350269190  -0.577350269190   0.577350269190
         0,   19   0.707106781187   0.000000000000  -0.707106781187
                   0.577350269190  -0.577350269190   0.577350269190
0,   19 23375.831862159474 13016.580509182506 20897.917706272412    1    7
         0,   18  -0.707106781187  -0.000000000000   0.707106781187
                   0.577350269190  -0.577350269190   0.577350269190
