dataFileVersion = 4
numFileSegments = 1
minCoordinates = [
 0.000000
 0.000000
 0.000000
 ]
maxCoordinates = [
 40160.642570
 40160.642570
 40160.642570
 ]
nodeCount = 80
dataDecompType = 2
dataDecompGeometry = [
 1
 1
 1
 ]

#
#  END OF DATA FILE PARAMETERS
#

domainDecomposition = 
# Dom_ID  Minimum XYZ bounds   Maximum XYZ bounds
  0  0.000000  0.000000  0.000000  40160.642570  40160.642570  40160.642570
nodalData =
# Primary lines: node_tag, x, y, z, num_arms, constraint
# Secondary lines: arm_tag, burgx, burgy, burgz, nx, ny, nz
0,    0 35902.818756674867 31557.306334705045 7493.206271524357    1    7
         0,    1  -0.000000000000  -0.707106781187   0.707106781187
                   0.577350269190   0.577350269190   0.577350269190
0,    1 35822.118454350843 31222.352797626780 7908.860110926646    2    0
         0,    0   0.000000000000   0.707106781187  -0.707106781187
                   0.577350269190   0.577350269190   0.577350269190
         0,    2  -0.000000000000  -0.707106781187   0.707106781187
                   0.577350269190   0.577350269190   0.577350269190
0,    2 35741.418152026818 30887.399260548518 8324.513950328936    2    0
         0,    1   0.000000000000   0.707106781187  -0.707106781187
                   0.577350269190   0.577350269190   0.577350269190
         0,    3  -0.000000000000  -0.707106781187   0.707106781187
                   0.577350269190   0.577350269190   0.577350269190
0,    3 35660.717849702793 30552.445723470253 8740.167789731226    2    0
         0,    2   0.000000000000   0.707106781187  -0.707106781187
                   0.577350269190   0.577350269190   0.577350269190
         0,    4  -0.000000000000  -0.707106781187   0.707106781187
                   0.577350269190   0.577350269190   0.577350269190
0,    4 35580.017547378760 30217.492186391992 9155.821629133514    1    7
         0,    3   0.000000000000   0.707106781187  -0.707106781187
                   0.577350269190   0.577350269190   0.577350269190
0,    5 8047.836659342277 27626.228692248493 28736.789678725396    1    7
         0,    6  -0.707106781187  -0.000000000000   0.707106781187
                   0.577350269190  -0.577350269190   0.577350269190
0,    6 7500.524222432381 27472.779267594571 29130.652690981373    2    0
         0,    5   0.707106781187   0.000000000000  -0.707106781187
                   0.577350269190  -0.577350269190   0.577350269190
         0,    7  -0.707106781187  -0.000000000000   0.707106781187
                   0.577350269190  -0.577350269190   0.577350269190
0,    7 6953.211785522486 27319.329842940653 29524.515703237346    2    0
         0,    6   0.707106781187   0.000000000000  -0.707106781187
                   0.577350269190  -0.577350269190   0.577350269190
         0,    8  -0.707106781187  -0.000000000000   0.707106781187
                   0.577350269190  -0.577350269190   0.577350269190
0,    8 6405.899348612591 27165.880418286732 29918.378715493323    2    0
         0,    7   0.707106781187   0.000000000000  -0.707106781187
                   0.577350269190  -0.577350269190   0.577350269190
         0,    9  -0.707106781187  -0.000000000000   0.707106781187
                   0.577350269190  -0.577350269190   0.577350269190
0,    9 5858.586911702695 27012.430993632814 30312.241727749297    1    7
         0,    8   0.707106781187   0.000000000000  -0.707106781187
                   0.577350269190  -0.577350269190   0.577350269190
0,   10 14260.533325040349 18116.678706754017 7680.969566427051    1    7
         0,   11  -0.000000000000  -0.707106781187  -0.707106781187
                   0.577350269190  -0.577350269190   0.577350269190
0,   11 14677.155231323546 18511.192191039725 7658.861144429561    2    0
         0,   10   0.000000000000   0.707106781187   0.707106781187
                   0.577350269190  -0.577350269190   0.577350269190
         0,   12  -0.000000000000  -0.707106781187  -0.707106781187
                   0.577350269190  -0.577350269190   0.577350269190
0,   12 15093.777137606741 18905.705675325429 7636.752722432071    2    0
         0,   11   0.000000000000   0.707106781187   0.707106781187
                   0.577350269190  -0.577350269190   0.577350269190
         0,   13  -0.000000000000  -0.707106781187  -0.707106781187
                   0.577350269190  -0.577350269190   0.577350269190
0,   13 15510.399043889938 19300.219159611137 7614.644300434581    2    0
         0,   12   0.000000000000   0.707106781187   0.707106781187
                   0.577350269190  -0.577350269190   0.577350269190
         0,   14  -0.000000000000  -0.707106781187  -0.707106781187
                   0.577350269190  -0.577350269190   0.577350269190
0,   14 15927.020950173135 19694.732643896845 7592.535878437091    1    7
         0,   13   0.000000000000   0.707106781187   0.707106781187
                   0.577350269190  -0.577350269190   0.577350269190
0,   15 9044.000454932475 27513.992570407612 18431.944662192054    1    7
         0,   16   0.000000000000   0.707106781187   0.707106781187
                   0.577350269190   0.577350269190  -0.577350269190
0,   16 9119.828983420966 27049.230185338543 18043.010805611480    2    0
         0,   15  -0.000000000000  -0.707106781187  -0.707106781187
                   0.577350269190   0.577350269190  -0.577350269190
         0,   17   0.000000000000   0.707106781187   0.707106781187
                   0.577350269190   0.577350269190  -0.577350269190
0,   17 9195.657511909460 26584.467800269478 17654.076949030903    2    0
         0,   16  -0.000000000000  -0.707106781187  -0.707106781187
                   0.577350269190   0.577350269190  -0.577350269190
         0,   18   0.000000000000   0.707106781187   0.707106781187
                   0.577350269190   0.577350269190  -0.577350269190
0,   18 9271.486040397951 26119.705415200409 17265.143092450329    2    0
         0,   17  -0.000000000000  -0.707106781187  -0.707106781187
                   0.577350269190   0.577350269190  -0.577350269190
         0,   19   0.000000000000   0.707106781187   0.707106781187
                   0.577350269190   0.577350269190  -0.577350269190
0,   19 9347.314568886444 25654.943030131344 16876.209235869756    1    7
         0,   18  -0.000000000000  -0.707106781187  -0.707106781187
                   0.577350269190   0.577350269190  -0.577350269190
0,   20 30748.853637770910 15555.466152308536 11012.188534018836    1    7
         0,   21   0.707106781187  -0.707106781187   0.000000000000
                   0.577350269190   0.577350269190  -0.577350269190
0,   21 31236.884718647379 15559.282192089269 11504.035654676039    2    0
         0,   20  -0.707106781187   0.707106781187  -0.000000000000
                   0.577350269190   0.577350269190  -0.577350269190
         0,   22   0.707106781187  -0.707106781187   0.000000000000
                   0.577350269190   0.577350269190  -0.577350269190
0,   22 31724.915799523849 15563.098231870001 11995.882775333243    2    0
         0,   21  -0.707106781187   0.707106781187  -0.000000000000
                   0.577350269190   0.577350269190  -0.577350269190
         0,   23   0.707106781187  -0.707106781187   0.000000000000
                   0.577350269190   0.577350269190  -0.577350269190
0,   23 32212.946880400323 15566.914271650734 12487.729895990446    2    0
         0,   22  -0.707106781187   0.707106781187  -0.000000000000
                   0.577350269190   0.577350269190  -0.577350269190
         0,   24   0.707106781187  -0.707106781187   0.000000000000
                   0.577350269190   0.577350269190  -0.577350269190
0,   24 32700.977961276792 15570.730311431465 12979.577016647649    1    7
         0,   23  -0.707106781187   0.707106781187  -0.000000000000
                   0.577350269190   0.577350269190  -0.577350269190
0,   25 9504.245119717649 292.703397710480 32082.374627498200    1    7
         0,   26   0.000000000000   0.707106781187  -0.707106781187
                  -0.577350269190   0.577350269190   0.577350269190
0,   26 9043.109516961540 393.558377427803 31520.384045024770    2    0
         0,   25  -0.000000000000  -0.707106781187   0.707106781187
                  -0.577350269190   0.577350269190   0.577350269190
         0,   27   0.000000000000   0.707106781187  -0.707106781187
                  -0.577350269190   0.577350269190   0.577350269190
0,   27 8581.973914205433 494.413357145126 30958.393462551339    2    0
         0,   26  -0.000000000000  -0.707106781187   0.707106781187
                  -0.577350269190   0.577350269190   0.577350269190
         0,   28   0.000000000000   0.707106781187  -0.707106781187
                  -0.577350269190   0.577350269190   0.577350269190
0,   28 8120.838311449324 595.268336862449 30396.402880077909    2    0
         0,   27  -0.000000000000  -0.707106781187   0.707106781187
                  -0.577350269190   0.577350269190   0.577350269190
         0,   29   0.000000000000   0.707106781187  -0.707106781187
                  -0.577350269190   0.577350269190   0.577350269190
0,   29 7659.702708693218 696.123316579772 29834.412297604478    1    7
         0,   28  -0.000000000000  -0.707106781187   0.707106781187
                  -0.577350269190   0.577350269190   0.577350269190
0,   30 31475.331948632400 17669.632394311149 23793.380407779143    1    7
         0,   31  -0.707106781187  -0.707106781187  -0.000000000000
                  -0.577350269190   0.577350269190   0.577350269190
0,   31 31337.657100384109 18084.043969101265 23241.293984740736    2    0
         0,   30   0.707106781187   0.707106781187   0.000000000000
                  -0.577350269190   0.577350269190   0.577350269190
         0,   32  -0.707106781187  -0.707106781187  -0.000000000000
                  -0.577350269190   0.577350269190   0.577350269190
0,   32 31199.982252135818 18498.455543891385 22689.207561702326    2    0
         0,   31   0.707106781187   0.707106781187   0.000000000000
                  -0.577350269190   0.577350269190   0.577350269190
         0,   33  -0.707106781187  -0.707106781187  -0.000000000000
                  -0.577350269190   0.577350269190   0.577350269190
0,   33 31062.307403887527 18912.867118681501 22137.121138663919    2    0
         0,   32   0.707106781187   0.707106781187   0.000000000000
                  -0.577350269190   0.577350269190   0.577350269190
         0,   34  -0.707106781187  -0.707106781187  -0.000000000000
                  -0.577350269190   0.577350269190   0.577350269190
0,   34 30924.632555639237 19327.278693471620 21585.034715625508    1    7
         0,   33   0.707106781187   0.707106781187   0.000000000000
                  -0.577350269190   0.577350269190   0.577350269190
0,   35 25578.889170548595 19247.785540935223 23252.976541855012    1    7
         0,   36   0.707106781187  -0.707106781187   0.000000000000
                   0.577350269190   0.577350269190   0.577350269190
0,   36 26051.883510463053 19092.625380610189 22935.142362265586    2    0
         0,   35  -0.707106781187   0.707106781187  -0.000000000000
                   0.577350269190   0.577350269190   0.577350269190
         0,   37   0.707106781187  -0.707106781187   0.000000000000
                   0.577350269190   0.577350269190   0.577350269190
0,   37 26524.877850377514 18937.465220285158 22617.308182676159    2    0
         0,   36  -0.707106781187   0.707106781187  -0.000000000000
                   0.577350269190   0.577350269190   0.577350269190
         0,   38   0.707106781187  -0.707106781187   0.000000000000
                   0.577350269190   0.577350269190   0.577350269190
0,   38 26997.872190291971 18782.305059960123 22299.474003086732    2    0
         0,   37  -0.707106781187   0.707106781187  -0.000000000000
                   0.577350269190   0.577350269190   0.577350269190
         0,   39   0.707106781187  -0.707106781187   0.000000000000
                   0.577350269190   0.577350269190   0.577350269190
0,   39 27470.866530206433 18627.144899635092 21981.639823497309    1    7
         0,   38  -0.707106781187   0.707106781187  -0.000000000000
                   0.577350269190   0.577350269190   0.577350269190
0,   40 21232.272993586987 21660.480289024821 12091.407104816511    1    7
         0,   41  -0.707106781187  -0.000000000000  -0.707106781187
                  -0.577350269190   0.577350269190   0.577350269190
0,   41 21683.803275115170 22017.073816614058 12186.343858755456    2    0
         0,   40   0.707106781187   0.000000000000   0.707106781187
                  -0.577350269190   0.577350269190   0.577350269190
         0,   42  -0.707106781187  -0.000000000000  -0.707106781187
                  -0.577350269190   0.577350269190   0.577350269190
0,   42 22135.333556643349 22373.667344203295 12281.280612694400    2    0
         0,   41   0.707106781187   0.000000000000   0.707106781187
                  -0.577350269190   0.577350269190   0.577350269190
         0,   43  -0.707106781187  -0.000000000000  -0.707106781187
                  -0.577350269190   0.577350269190   0.577350269190
0,   43 22586.863838171532 22730.260871792532 12376.217366633346    2    0
         0,   42   0.707106781187   0.000000000000   0.707106781187
                  -0.577350269190   0.577350269190   0.577350269190
         0,   44  -0.707106781187  -0.000000000000  -0.707106781187
                  -0.577350269190   0.577350269190   0.577350269190
0,   44 23038.394119699715 23086.854399381773 12471.154120572290    1    7
         0,   43   0.707106781187   0.000000000000   0.707106781187
                  -0.577350269190   0.577350269190   0.577350269190
0,   45 9519.939379797739 16841.673301606861 34549.378880943506    1    7
         0,   46   0.707106781187   0.000000000000   0.707106781187
                   0.577350269190   0.577350269190  -0.577350269190
0,   46 9232.804343590129 16657.851863490781 34078.422406619815    2    0
         0,   45  -0.707106781187  -0.000000000000  -0.707106781187
                   0.577350269190   0.577350269190  -0.577350269190
         0,   47   0.707106781187   0.000000000000   0.707106781187
                   0.577350269190   0.577350269190  -0.577350269190
0,   47 8945.669307382519 16474.030425374698 33607.465932296123    2    0
         0,   46  -0.707106781187  -0.000000000000  -0.707106781187
                   0.577350269190   0.577350269190  -0.577350269190
         0,   48   0.707106781187   0.000000000000   0.707106781187
                   0.577350269190   0.577350269190  -0.577350269190
0,   48 8658.534271174909 16290.208987258617 33136.509457972432    2    0
         0,   47  -0.707106781187  -0.000000000000  -0.707106781187
                   0.577350269190   0.577350269190  -0.577350269190
         0,   49   0.707106781187   0.000000000000   0.707106781187
                   0.577350269190   0.577350269190  -0.577350269190
0,   49 8371.399234967301 16106.387549142535 32665.552983648744    1    7
         0,   48  -0.707106781187  -0.000000000000  -0.707106781187
                   0.577350269190   0.577350269190  -0.577350269190
0,   50 12014.623503887238 12190.336398649491 25551.000861502071    1    7
         0,   51  -0.707106781187  -0.000000000000   0.707106781187
                   0.577350269190   0.577350269190   0.577350269190
0,   51 11766.206587181026 12048.979199266163 25940.774977591613    2    0
         0,   50   0.707106781187   0.000000000000  -0.707106781187
                   0.577350269190   0.577350269190   0.577350269190
         0,   52  -0.707106781187  -0.000000000000   0.707106781187
                   0.577350269190   0.577350269190   0.577350269190
0,   52 11517.789670474813 11907.621999882835 26330.549093681155    2    0
         0,   51   0.707106781187   0.000000000000  -0.707106781187
                   0.577350269190   0.577350269190   0.577350269190
         0,   53  -0.707106781187  -0.000000000000   0.707106781187
                   0.577350269190   0.577350269190   0.577350269190
0,   53 11269.372753768601 11766.264800499504 26720.323209770693    2    0
         0,   52   0.707106781187   0.000000000000  -0.707106781187
                   0.577350269190   0.577350269190   0.577350269190
         0,   54  -0.707106781187  -0.000000000000   0.707106781187
                   0.577350269190   0.577350269190   0.577350269190
0,   54 11020.955837062389 11624.907601116176 27110.097325860235    1    7
         0,   53   0.707106781187   0.000000000000  -0.707106781187
                   0.577350269190   0.577350269190   0.577350269190
0,   55 27100.229583273111 16088.884163438026 31206.293413380463    1    7
         0,   56  -0.707106781187  -0.707106781187  -0.000000000000
                   0.577350269190  -0.577350269190   0.577350269190
0,   56 26786.714602658889 16231.527384784638 31662.451615341299    2    0
         0,   55   0.707106781187   0.707106781187   0.000000000000
                   0.577350269190  -0.577350269190   0.577350269190
         0,   57  -0.707106781187  -0.707106781187  -0.000000000000
                   0.577350269190  -0.577350269190   0.577350269190
0,   57 26473.199622044667 16374.170606131251 32118.609817302131    2    0
         0,   56   0.707106781187   0.707106781187   0.000000000000
                   0.577350269190  -0.577350269190   0.577350269190
         0,   58  -0.707106781187  -0.707106781187  -0.000000000000
                   0.577350269190  -0.577350269190   0.577350269190
0,   58 26159.684641430445 16516.813827477865 32574.768019262967    2    0
         0,   57   0.707106781187   0.707106781187   0.000000000000
                   0.577350269190  -0.577350269190   0.577350269190
         0,   59  -0.707106781187  -0.707106781187  -0.000000000000
                   0.577350269190  -0.577350269190   0.577350269190
0,   59 25846.169660816224 16659.457048824475 33030.926221223803    1    7
         0,   58   0.707106781187   0.707106781187   0.000000000000
                   0.577350269190  -0.577350269190   0.577350269190
0,   60 3491.014105788234 27822.793889461613 18684.825368847742    1    7
         0,   61   0.707106781187   0.707106781187   0.000000000000
                  -0.577350269190   0.577350269190   0.577350269190
0,   61 3839.067474188361 28233.815701584001 18621.856925125481    2    0
         0,   60  -0.707106781187  -0.707106781187  -0.000000000000
                  -0.577350269190   0.577350269190   0.577350269190
         0,   62   0.707106781187   0.707106781187   0.000000000000
                  -0.577350269190   0.577350269190   0.577350269190
0,   62 4187.120842588489 28644.837513706392 18558.888481403217    2    0
         0,   61  -0.707106781187  -0.707106781187  -0.000000000000
                  -0.577350269190   0.577350269190   0.577350269190
         0,   63   0.707106781187   0.707106781187   0.000000000000
                  -0.577350269190   0.577350269190   0.577350269190
0,   63 4535.174210988616 29055.859325828780 18495.920037680957    2    0
         0,   62  -0.707106781187  -0.707106781187  -0.000000000000
                  -0.577350269190   0.577350269190   0.577350269190
         0,   64   0.707106781187   0.707106781187   0.000000000000
                  -0.577350269190   0.577350269190   0.577350269190
0,   64 4883.227579388743 29466.881137951168 18432.951593958693    1    7
         0,   63  -0.707106781187  -0.707106781187  -0.000000000000
                  -0.577350269190   0.577350269190   0.577350269190
0,   65 5873.907067146360 28452.943312603777 17924.647317193991    1    7
         0,   66  -0.707106781187   0.707106781187  -0.000000000000
                   0.577350269190   0.577350269190  -0.577350269190
0,   66 6272.832767592570 28050.982187596033 17921.611892632460    2    0
         0,   65   0.707106781187  -0.707106781187   0.000000000000
                   0.577350269190   0.577350269190  -0.577350269190
         0,   67  -0.707106781187   0.707106781187  -0.000000000000
                   0.577350269190   0.577350269190  -0.577350269190
0,   67 6671.758468038781 27649.021062588290 17918.576468070925    2    0
         0,   66   0.707106781187  -0.707106781187   0.000000000000
                   0.577350269190   0.577350269190  -0.577350269190
         0,   68  -0.707106781187   0.707106781187  -0.000000000000
                   0.577350269190   0.577350269190  -0.577350269190
0,   68 7070.684168484991 27247.059937580547 17915.541043509395    2    0
         0,   67   0.707106781187  -0.707106781187   0.000000000000
                   0.577350269190   0.577350269190  -0.577350269190
         0,   69  -0.707106781187   0.707106781187  -0.000000000000
                   0.577350269190   0.577350269190  -0.577350269190
0,   69 7469.609868931201 26845.098812572804 17912.505618947860    1    7
         0,   68   0.707106781187  -0.707106781187   0.000000000000
                   0.577350269190   0.577350269190  -0.577350269190
0,   70 25062.064388534611 13988.012039146073 5250.929887340566    1    7
         0,   71   0.707106781187  -0.707106781187   0.000000000000
                   0.577350269190   0.577350269190   0.577350269190
0,   71 25161.420437201399 14362.940161385262 4776.645716434589    2    0
         0,   70  -0.707106781187   0.707106781187  -0.000000000000
                   0.577350269190   0.577350269190   0.577350269190
         0,   72   0.707106781187  -0.707106781187   0.000000000000
                   0.577350269190   0.577350269190   0.577350269190
0,   72 25260.776485868188 14737.868283624450 4302.361545528614    2    0
         0,   71  -0.707106781187   0.707106781187  -0.000000000000
                   0.577350269190   0.577350269190   0.577350269190
         0,   73   0.707106781187  -0.707106781187   0.000000000000
                   0.577350269190   0.577350269190   0.577350269190
0,   73 25360.132534534972 15112.796405863639 3828.077374622637    2    0
         0,   72  -0.707106781187   0.707106781187  -0.000000000000
                   0.577350269190   0.577350269190   0.577350269190
         0,   74   0.707106781187  -0.707106781187   0.000000000000
                   0.577350269190   0.577350269190   0.577350269190
0,   74 25459.488583201761 15487.724528102828 3353.793203716661    1    7
         0,   73  -0.707106781187   0.707106781187  -0.000000000000
                   0.577350269190   0.577350269190   0.577350269190
0,   75 35503.328271347666 28207.587060063699 10294.381101157756    1    7
         0,   76   0.707106781187   0.000000000000   0.707106781187
                  -0.577350269190   0.577350269190   0.577350269190
0,   76 35774.590940833827 28118.591476709622 10654.639353997993    2    0
         0,   75  -0.707106781187  -0.000000000000  -0.707106781187
                  -0.577350269190   0.577350269190   0.577350269190
         0,   77   0.707106781187   0.000000000000   0.707106781187
                  -0.577350269190   0.577350269190   0.577350269190
0,   77 36045.853610319980 28029.595893355545 11014.897606838227    2    0
         0,   76  -0.707106781187  -0.000000000000  -0.707106781187
                  -0.577350269190   0.577350269190   0.577350269190
         0,   78   0.707106781187   0.000000000000   0.707106781187
                  -0.577350269190   0.577350269190   0.577350269190
0,   78 36317.116279806141 27940.600310001468 11375.155859678463    2    0
         0,   77  -0.707106781187  -0.000000000000  -0.707106781187
                  -0.577350269190   0.577350269190   0.577350269190
         0,   79   0.707106781187   0.000000000000   0.707106781187
                  -0.577350269190   0.577350269190   0.577350269190
0,   79 36588.378949292302 27851.604726647391 11735.414112518698    1    7
         0,   78  -0.707106781187  -0.000000000000  -0.707106781187
                  -0.577350269190   0.577350269190   0.577350269190
