dataFileVersion = 4
numFileSegments = 1
minCoordinates = [
 0.000000
 0.000000
 0.000000
 ]
maxCoordinates = [
 40160.642570
 40160.642570
 40160.642570
 ]
nodeCount = 20
dataDecompType = 2
dataDecompGeometry = [
 1
 1
 1
 ]

#
#  END OF DATA FILE PARAMETERS
#

domainDecomposition = 
# Dom_ID  Minimum XYZ bounds   Maximum XYZ bounds
  0  0.000000  0.000000  0.000000  40160.642570  40160.642570  40160.642570
nodalData =
# Primary lines: node_tag, x, y, z, num_arms, constraint
# Secondary lines: arm_tag, burgx, burgy, burgz, nx, ny, nz
0,    0 15138.317118897055 21570.241522593238 40094.312958914416    1    7
         0,    1   0.707106781187   0.000000000000   0.707106781187
                   0.577350269190   0.577350269190  -0.577350269190
0,    1 16002.449919212946 19841.975921961457 39230.180158598530    2    0
         0,    0  -0.707106781187  -0.000000000000  -0.707106781187
                   0.577350269190   0.577350269190  -0.577350269190
         0,    2   0.707106781187   0.000000000000   0.707106781187
                   0.577350269190   0.577350269190  -0.577350269190
0,    2 16866.582719528837 18113.710321329676 38366.047358282638    2    0
         0,    1  -0.707106781187  -0.000000000000  -0.707106781187
                   0.577350269190   0.577350269190  -0.577350269190
         0,    3   0.707106781187   0.000000000000   0.707106781187
                   0.577350269190   0.577350269190  -0.577350269190
0,    3 17730.715519844725 16385.444720697895 37501.914557966746    2    0
         0,    2  -0.707106781187  -0.000000000000  -0.707106781187
                   0.577350269190   0.577350269190  -0.577350269190
         0,    4   0.707106781187   0.000000000000   0.707106781187
                   0.577350269190   0.577350269190  -0.577350269190
0,    4 18594.848320160618 14657.179120066114 36637.781757650861    1    7
         0,    3  -0.707106781187  -0.000000000000  -0.707106781187
                   0.577350269190   0.577350269190  -0.577350269190
0,    5 16360.966045218785 14360.349255983001 2751.188889930712    1    7
         0,    6  -0.000000000000  -0.707106781187  -0.707106781187
                   0.577350269190   0.577350269190  -0.577350269190
0,    6 13773.541210950269 15654.061673117259 1457.476472796454    2    0
         0,    5   0.000000000000   0.707106781187   0.707106781187
                   0.577350269190   0.577350269190  -0.577350269190
         0,    7  -0.000000000000  -0.707106781187  -0.707106781187
                   0.577350269190   0.577350269190  -0.577350269190
0,    7 11186.116376681754 16947.774090251518 163.764055662196    2    0
         0,    6   0.000000000000   0.707106781187   0.707106781187
                   0.577350269190   0.577350269190  -0.577350269190
         0,    8  -0.000000000000  -0.707106781187  -0.707106781187
                   0.577350269190   0.577350269190  -0.577350269190
0,    8 8598.691542413238 18241.486507385776 39030.694208809065    2    0
         0,    7   0.000000000000   0.707106781187   0.707106781187
                   0.577350269190   0.577350269190  -0.577350269190
         0,    9  -0.000000000000  -0.707106781187  -0.707106781187
                   0.577350269190   0.577350269190  -0.577350269190
0,    9 6011.266708144722 19535.198924520035 37736.981791674807    1    7
         0,    8   0.000000000000   0.707106781187   0.707106781187
                   0.577350269190   0.577350269190  -0.577350269190
0,   10 40013.178603298395 35452.968234015862 17910.843196006957    1    7
         0,   11  -0.707106781187   0.707106781187  -0.000000000000
                   0.577350269190   0.577350269190   0.577350269190
0,   11 39118.115736661537 34557.905367379004 19700.968929280669    2    0
         0,   10   0.707106781187  -0.707106781187   0.000000000000
                   0.577350269190   0.577350269190   0.577350269190
         0,   12  -0.707106781187   0.707106781187  -0.000000000000
                   0.577350269190   0.577350269190   0.577350269190
0,   12 38223.052870024680 33662.842500742147 21491.094662554380    2    0
         0,   11   0.707106781187  -0.707106781187   0.000000000000
                   0.577350269190   0.577350269190   0.577350269190
         0,   13  -0.707106781187   0.707106781187  -0.000000000000
                   0.577350269190   0.577350269190   0.577350269190
0,   13 37327.990003387822 32767.779634105289 23281.220395828092    2    0
         0,   12   0.707106781187  -0.707106781187   0.000000000000
                   0.577350269190   0.577350269190   0.577350269190
         0,   14  -0.707106781187   0.707106781187  -0.000000000000
                   0.577350269190   0.577350269190   0.577350269190
0,   14 36432.927136750965 31872.716767468435 25071.346129101803    1    7
         0,   13   0.707106781187  -0.707106781187   0.000000000000
                   0.577350269190   0.577350269190   0.577350269190
0,   15 21790.655190706057 33802.978800704586 38043.970725242463    1    7
         0,   16   0.707106781187   0.000000000000  -0.707106781187
                   0.577350269190  -0.577350269190   0.577350269190
0,   16 22806.455857685636 35834.580134663745 39059.771392222043    2    0
         0,   15  -0.707106781187  -0.000000000000   0.707106781187
                   0.577350269190  -0.577350269190   0.577350269190
         0,   17   0.707106781187   0.000000000000  -0.707106781187
                   0.577350269190  -0.577350269190   0.577350269190
0,   17 23822.256524665216 37866.181468622905 40075.572059201622    2    0
         0,   16  -0.707106781187  -0.000000000000   0.707106781187
                   0.577350269190  -0.577350269190   0.577350269190
         0,   18   0.707106781187   0.000000000000  -0.707106781187
                   0.577350269190  -0.577350269190   0.577350269190
0,   18 24838.057191644795 39897.782802582064 930.730155900077    2    0
         0,   17  -0.707106781187  -0.000000000000   0.707106781187
                   0.577350269190  -0.577350269190   0.577350269190
         0,   19   0.707106781187   0.000000000000  -0.707106781187
                   0.577350269190  -0.577350269190   0.577350269190
0,   19 25853.857858624375 1768.741566260098 1946.530822879657    1    7
         0,   18  -0.707106781187  -0.000000000000   0.707106781187
                   0.577350269190  -0.577350269190   0.577350269190
