# Step Strain Stress Density
1 3.000000e-09 5.973543e+02 9.763020e+09 
2 6.600000e-09 1.314178e+03 9.763020e+09 
3 1.092000e-08 2.174367e+03 9.763019e+09 
4 1.610400e-08 3.206594e+03 9.763018e+09 
5 2.232480e-08 4.445266e+03 9.763017e+09 
6 2.978976e-08 5.931663e+03 9.763015e+09 
7 3.874771e-08 7.715339e+03 9.763014e+09 
8 4.949725e-08 9.855753e+03 9.763012e+09 
9 6.239671e-08 1.242424e+04 9.763010e+09 
10 7.787605e-08 1.550644e+04 9.763008e+09 
11 9.645126e-08 1.920507e+04 9.763006e+09 
12 1.187415e-07 2.364343e+04 9.763003e+09 
13 1.454898e-07 2.896943e+04 9.763000e+09 
14 1.775878e-07 3.536061e+04 9.763000e+09 
15 2.161053e-07 4.303000e+04 9.763000e+09 
16 2.623264e-07 5.223322e+04 9.763001e+09 
17 3.177917e-07 6.327701e+04 9.763002e+09 
18 3.843500e-07 7.652949e+04 9.763003e+09 
19 4.642200e-07 9.243226e+04 9.763009e+09 
20 5.600640e-07 1.115153e+05 9.763016e+09 
21 6.750768e-07 1.344148e+05 9.763025e+09 
22 8.130922e-07 1.618937e+05 9.763036e+09 
23 9.787106e-07 1.948677e+05 9.763053e+09 
24 1.177453e-06 2.344357e+05 9.763076e+09 
25 1.415943e-06 2.819160e+05 9.763106e+09 
26 1.702132e-06 3.388906e+05 9.763145e+09 
27 2.045558e-06 4.072575e+05 9.763197e+09 
28 2.457670e-06 4.892942e+05 9.763270e+09 
29 2.952204e-06 5.877326e+05 9.763400e+09 
30 3.545645e-06 7.058508e+05 9.763632e+09 
31 4.257774e-06 8.475820e+05 9.764086e+09 
32 5.112328e-06 1.017644e+06 9.765107e+09 
33 6.137794e-06 1.221737e+06 9.763943e+09 
34 7.368353e-06 1.466622e+06 9.764022e+09 
35 8.845023e-06 1.760453e+06 9.764274e+09 
36 1.061703e-05 2.113107e+06 9.764221e+09 
37 1.274343e-05 2.536163e+06 9.764941e+09 
38 1.529512e-05 3.043891e+06 9.765523e+09 
39 1.835714e-05 3.653177e+06 9.766473e+09 
40 2.203157e-05 4.384000e+06 9.769672e+09 
41 2.644089e-05 5.260999e+06 9.774087e+09 
42 3.173207e-05 6.313135e+06 9.783298e+09 
43 3.808148e-05 7.575897e+06 9.795104e+09 
44 4.570077e-05 9.090916e+06 9.817132e+09 
45 5.484393e-05 1.090922e+07 9.846209e+09 
46 6.581572e-05 1.309087e+07 9.894767e+09 
47 7.898186e-05 1.570884e+07 9.965831e+09 
48 9.478123e-05 1.885042e+07 1.006718e+10 
49 1.137405e-04 2.261970e+07 1.022576e+10 
50 1.165844e-04 2.318444e+07 1.027051e+10 
51 1.194283e-04 2.374922e+07 1.031573e+10 
52 1.228409e-04 2.442718e+07 1.036441e+10 
53 1.269361e-04 2.524068e+07 1.042553e+10 
54 1.318503e-04 2.621684e+07 1.050206e+10 
55 1.377474e-04 2.738845e+07 1.058901e+10 
56 1.448239e-04 2.879406e+07 1.070576e+10 
57 1.533157e-04 3.048032e+07 1.086596e+10 
58 1.635059e-04 3.250323e+07 1.108244e+10 
59 1.757341e-04 3.492945e+07 1.138876e+10 
60 1.904079e-04 3.783711e+07 1.188410e+10 
61 1.926090e-04 3.827223e+07 1.199444e+10 
62 1.948101e-04 3.870747e+07 1.209946e+10 
63 1.974514e-04 3.922944e+07 1.223400e+10 
64 2.006209e-04 3.985531e+07 1.240991e+10 
65 2.044244e-04 4.060564e+07 1.264077e+10 
66 2.089885e-04 4.150514e+07 1.293924e+10 
67 2.144655e-04 4.258247e+07 1.334911e+10 
68 2.210379e-04 4.387161e+07 1.392658e+10 
69 2.289247e-04 4.541113e+07 1.478606e+10 
70 2.383889e-04 4.724449e+07 1.608800e+10 
71 2.497460e-04 4.941240e+07 1.822965e+10 
72 2.505978e-04 4.957280e+07 1.843323e+10 
73 2.514496e-04 4.973300e+07 1.863824e+10 
74 2.524717e-04 4.992497e+07 1.888579e+10 
75 2.536983e-04 5.015430e+07 1.920652e+10 
76 2.551701e-04 5.042897e+07 1.958940e+10 
77 2.569364e-04 5.075698e+07 2.007673e+10 
78 2.590559e-04 5.114843e+07 2.069285e+10 
79 2.615993e-04 5.161471e+07 2.148096e+10 
80 2.646514e-04 5.216857e+07 2.251020e+10 
81 2.683139e-04 5.282461e+07 2.385585e+10 
82 2.688632e-04 5.292151e+07 2.409129e+10 
83 2.694126e-04 5.301839e+07 2.432124e+10 
84 2.700719e-04 5.313480e+07 2.458486e+10 
85 2.708630e-04 5.327360e+07 2.492157e+10 
86 2.718123e-04 5.343996e+07 2.531767e+10 
87 2.729515e-04 5.363845e+07 2.580923e+10 
88 2.743185e-04 5.387515e+07 2.641647e+10 
89 2.759589e-04 5.415676e+07 2.717650e+10 
90 2.779274e-04 5.449105e+07 2.811916e+10 
91 2.802896e-04 5.488666e+07 2.931824e+10 
92 2.809983e-04 5.500420e+07 2.969249e+10 
93 2.817069e-04 5.512116e+07 3.007479e+10 
94 2.825573e-04 5.526070e+07 3.054279e+10 
95 2.835778e-04 5.542695e+07 3.111784e+10 
96 2.848024e-04 5.562470e+07 3.182667e+10 
97 2.862719e-04 5.585931e+07 3.270500e+10 
98 2.880352e-04 5.613689e+07 3.379919e+10 
99 2.901513e-04 5.646403e+07 3.516907e+10 
100 2.914209e-04 5.665716e+07 3.602426e+10 
101 2.920558e-04 5.675282e+07 3.645921e+10 
102 2.926906e-04 5.684786e+07 3.690124e+10 
103 2.934524e-04 5.696112e+07 3.743880e+10 
104 2.943665e-04 5.709580e+07 3.809621e+10 
105 2.954635e-04 5.725574e+07 3.889718e+10 
106 2.967798e-04 5.744482e+07 3.986357e+10 
107 2.983594e-04 5.766768e+07 4.105482e+10 
108 2.988333e-04 5.773380e+07 4.142008e+10 
109 2.993072e-04 5.779948e+07 4.179107e+10 
110 2.998759e-04 5.787776e+07 4.224379e+10 
111 3.005583e-04 5.797084e+07 4.279603e+10 
112 3.013772e-04 5.808140e+07 4.346690e+10 
113 3.023598e-04 5.821233e+07 4.428264e+10 
114 3.035390e-04 5.836714e+07 4.527819e+10 
115 3.042465e-04 5.845874e+07 4.587944e+10 
116 3.049540e-04 5.854933e+07 4.649477e+10 
117 3.058030e-04 5.865664e+07 4.724771e+10 
118 3.068218e-04 5.878338e+07 4.817011e+10 
119 3.080444e-04 5.893239e+07 4.931313e+10 
120 3.087780e-04 5.902020e+07 4.996973e+10 
121 3.095115e-04 5.910687e+07 5.064569e+10 
122 3.103918e-04 5.920919e+07 5.146877e+10 
123 3.114481e-04 5.932956e+07 5.242919e+10 
124 3.120819e-04 5.940062e+07 5.301992e+10 
125 3.127157e-04 5.947068e+07 5.364021e+10 
126 3.134762e-04 5.955339e+07 5.439901e+10 
127 3.143889e-04 5.965069e+07 5.532019e+10 
128 3.154840e-04 5.976459e+07 5.645267e+10 
129 3.167983e-04 5.989724e+07 5.782117e+10 
130 3.183753e-04 6.005002e+07 5.955191e+10 
131 3.193215e-04 6.013874e+07 6.059686e+10 
132 3.197947e-04 6.018233e+07 6.090364e+10 
133 3.200312e-04 6.020393e+07 6.107131e+10 
134 3.201495e-04 6.021468e+07 6.118100e+10 
135 3.202678e-04 6.022538e+07 6.128952e+10 
136 3.204097e-04 6.023816e+07 6.143187e+10 
137 3.205800e-04 6.025343e+07 6.160697e+10 
138 3.207844e-04 6.027162e+07 6.182187e+10 
139 3.210297e-04 6.029331e+07 6.208218e+10 
140 3.213240e-04 6.031913e+07 6.229643e+10 
141 3.215006e-04 6.033453e+07 6.245912e+10 
142 3.216772e-04 6.034983e+07 6.261321e+10 
143 3.218891e-04 6.036805e+07 6.282835e+10 
144 3.221434e-04 6.038978e+07 6.306532e+10 
145 3.224485e-04 6.041565e+07 6.332100e+10 
146 3.228147e-04 6.044638e+07 6.366204e+10 
147 3.232541e-04 6.048283e+07 6.410864e+10 
148 3.235178e-04 6.050444e+07 6.438343e+10 
149 3.237814e-04 6.052586e+07 6.466510e+10 
150 3.240978e-04 6.055134e+07 6.501361e+10 
151 3.244775e-04 6.058153e+07 6.541241e+10 
152 3.249330e-04 6.061726e+07 6.585125e+10 
153 3.252064e-04 6.063838e+07 6.613001e+10 
154 3.254797e-04 6.065933e+07 6.633781e+10 
155 3.256438e-04 6.067178e+07 6.642458e+10 
156 3.257258e-04 6.067797e+07 6.646996e+10 
157 3.258078e-04 6.068415e+07 6.648955e+10 
158 3.259062e-04 6.069152e+07 6.651630e+10 
159 3.260243e-04 6.070037e+07 6.660119e+10 
160 3.261660e-04 6.071095e+07 6.668444e+10 
161 3.263360e-04 6.072357e+07 6.680635e+10 
162 3.265401e-04 6.073865e+07 6.692930e+10 
163 3.267849e-04 6.075661e+07 6.711884e+10 
164 3.270788e-04 6.077795e+07 6.736497e+10 
165 3.274314e-04 6.080337e+07 6.758473e+10 
166 3.276429e-04 6.081854e+07 6.769429e+10 
167 3.278545e-04 6.083360e+07 6.785993e+10 
168 3.281084e-04 6.085151e+07 6.807933e+10 
169 3.284130e-04 6.087287e+07 6.836558e+10 
170 3.287786e-04 6.089827e+07 6.869664e+10 
171 3.289980e-04 6.091337e+07 6.889923e+10 
172 3.292173e-04 6.092835e+07 6.907617e+10 
173 3.294805e-04 6.094616e+07 6.929826e+10 
174 3.297964e-04 6.096732e+07 6.958105e+10 
175 3.301754e-04 6.099239e+07 6.991132e+10 
176 3.306303e-04 6.102205e+07 7.033457e+10 
177 3.309032e-04 6.103959e+07 7.058954e+10 
178 3.311761e-04 6.105696e+07 7.084446e+10 
179 3.315036e-04 6.107753e+07 7.115230e+10 
180 3.318966e-04 6.110186e+07 7.155719e+10 
181 3.323681e-04 6.113049e+07 7.206298e+10 
182 3.326511e-04 6.114748e+07 7.228436e+10 
183 3.329340e-04 6.116427e+07 7.253504e+10 
184 3.331038e-04 6.117422e+07 7.270372e+10 
185 3.332736e-04 6.118410e+07 7.287001e+10 
186 3.334773e-04 6.119579e+07 7.308604e+10 
187 3.337218e-04 6.120975e+07 7.335108e+10 
188 3.340151e-04 6.122625e+07 7.363634e+10 
189 3.343672e-04 6.124592e+07 7.391759e+10 
190 3.345784e-04 6.125759e+07 7.412798e+10 
191 3.347896e-04 6.126915e+07 7.431692e+10 
192 3.350431e-04 6.128292e+07 7.457418e+10 
193 3.353472e-04 6.129922e+07 7.485891e+10 
194 3.357122e-04 6.131854e+07 7.524634e+10 
195 3.359312e-04 6.133003e+07 7.542955e+10 
196 3.361502e-04 6.134134e+07 7.562794e+10 
197 3.364130e-04 6.135479e+07 7.591308e+10 
198 3.367283e-04 6.137068e+07 7.624893e+10 
199 3.371068e-04 6.138937e+07 7.667685e+10 
200 3.375609e-04 6.141129e+07 7.715975e+10 
201 3.381058e-04 6.143691e+07 7.777929e+10 
202 3.387597e-04 6.146662e+07 7.852913e+10 
203 3.395444e-04 6.150068e+07 7.946037e+10 
204 3.400152e-04 6.152033e+07 8.001813e+10 
205 3.404860e-04 6.153935e+07 8.044159e+10 
206 3.410510e-04 6.156134e+07 8.108079e+10 
207 3.417290e-04 6.158670e+07 8.188336e+10 
208 3.421358e-04 6.160145e+07 8.232760e+10 
209 3.425426e-04 6.161581e+07 8.279470e+10 
210 3.427866e-04 6.162426e+07 8.308341e+10 
211 3.430307e-04 6.163252e+07 8.338401e+10 
212 3.433236e-04 6.164224e+07 8.372318e+10 
213 3.436750e-04 6.165356e+07 8.410932e+10 
214 3.438859e-04 6.166023e+07 8.431033e+10 
215 3.440968e-04 6.166676e+07 8.451833e+10 
216 3.442233e-04 6.167065e+07 8.465771e+10 
217 3.443498e-04 6.167447e+07 8.478489e+10 
218 3.445017e-04 6.167902e+07 8.495566e+10 
219 3.446839e-04 6.168439e+07 8.515350e+10 
220 3.449025e-04 6.169071e+07 8.541452e+10 
221 3.451649e-04 6.169815e+07 8.571828e+10 
222 3.454797e-04 6.170680e+07 8.609848e+10 
223 3.458575e-04 6.171700e+07 8.655087e+10 
224 3.463109e-04 6.172864e+07 8.710390e+10 
225 3.468549e-04 6.174188e+07 8.776926e+10 
226 3.471814e-04 6.174959e+07 8.813551e+10 
227 3.473446e-04 6.175339e+07 8.829994e+10 
228 3.475078e-04 6.175710e+07 8.849445e+10 
229 3.477036e-04 6.176146e+07 8.872045e+10 
230 3.479387e-04 6.176656e+07 8.901252e+10 
231 3.482207e-04 6.177245e+07 8.936766e+10 
232 3.485591e-04 6.177936e+07 8.976050e+10 
233 3.489652e-04 6.178726e+07 9.025596e+10 
234 3.492089e-04 6.179178e+07 9.055278e+10 
235 3.494526e-04 6.179617e+07 9.085616e+10 
236 3.497450e-04 6.180111e+07 9.119981e+10 
237 3.499204e-04 6.180396e+07 9.141850e+10 
238 3.500959e-04 6.180669e+07 9.161231e+10 
239 3.503064e-04 6.180990e+07 9.186545e+10 
240 3.505591e-04 6.181357e+07 9.215537e+10 
241 3.508622e-04 6.181770e+07 9.249235e+10 
242 3.512260e-04 6.182248e+07 9.295296e+10 
243 3.516626e-04 6.182755e+07 9.352014e+10 
244 3.521865e-04 6.183303e+07 9.416666e+10 
245 3.525008e-04 6.183601e+07 9.455657e+10 
246 3.528151e-04 6.183875e+07 9.490531e+10 
247 3.531923e-04 6.184165e+07 9.536488e+10 
248 3.536450e-04 6.184457e+07 9.588432e+10 
249 3.541881e-04 6.184734e+07 9.658979e+10 
250 3.545140e-04 6.184866e+07 9.693564e+10 
251 3.548399e-04 6.184969e+07 9.727150e+10 
252 3.550354e-04 6.185020e+07 9.749799e+10 
253 3.552310e-04 6.185065e+07 9.770893e+10 
254 3.554656e-04 6.185103e+07 9.799160e+10 
255 3.557472e-04 6.185139e+07 9.832915e+10 
256 3.560851e-04 6.185154e+07 9.877349e+10 
257 3.564905e-04 6.185136e+07 9.921779e+10 
258 3.567338e-04 6.185110e+07 9.951283e+10 
259 3.568555e-04 6.185092e+07 9.962909e+10 
260 3.569771e-04 6.185077e+07 9.976577e+10 
261 3.571231e-04 6.185050e+07 9.995034e+10 
262 3.572982e-04 6.185008e+07 1.001733e+11 
263 3.575084e-04 6.184941e+07 1.004476e+11 
264 3.577606e-04 6.184856e+07 1.007827e+11 
265 3.580633e-04 6.184734e+07 1.011803e+11 
266 3.584265e-04 6.184551e+07 1.016611e+11 
267 3.586445e-04 6.184433e+07 1.019614e+11 
268 3.588624e-04 6.184306e+07 1.022645e+11 
269 3.591239e-04 6.184130e+07 1.026290e+11 
270 3.594377e-04 6.183897e+07 1.030663e+11 
271 3.598143e-04 6.183564e+07 1.035847e+11 
272 3.602662e-04 6.183106e+07 1.042248e+11 
273 3.608085e-04 6.182476e+07 1.049416e+11 
274 3.611338e-04 6.182065e+07 1.053586e+11 
275 3.614592e-04 6.181625e+07 1.057863e+11 
276 3.618496e-04 6.181057e+07 1.063338e+11 
277 3.623182e-04 6.180323e+07 1.069620e+11 
278 3.625993e-04 6.179844e+07 1.072982e+11 
279 3.627398e-04 6.179604e+07 1.074786e+11 
280 3.628804e-04 6.179358e+07 1.076791e+11 
281 3.630490e-04 6.179057e+07 1.078935e+11 
282 3.632515e-04 6.178677e+07 1.081547e+11 
283 3.634943e-04 6.178211e+07 1.084931e+11 
284 3.637858e-04 6.177636e+07 1.088969e+11 
285 3.641355e-04 6.176928e+07 1.094049e+11 
286 3.645552e-04 6.176036e+07 1.099751e+11 
287 3.650589e-04 6.174903e+07 1.106532e+11 
288 3.656633e-04 6.173458e+07 1.115141e+11 
289 3.663885e-04 6.171578e+07 1.125628e+11 
290 3.672588e-04 6.169110e+07 1.137901e+11 
291 3.683031e-04 6.165848e+07 1.153081e+11 
292 3.686165e-04 6.164826e+07 1.157119e+11 
293 3.687731e-04 6.164304e+07 1.158760e+11 
294 3.689298e-04 6.163771e+07 1.160756e+11 
295 3.691177e-04 6.163120e+07 1.163273e+11 
296 3.693433e-04 6.162324e+07 1.166125e+11 
297 3.696140e-04 6.161344e+07 1.169912e+11 
298 3.699389e-04 6.160133e+07 1.174308e+11 
299 3.703287e-04 6.158634e+07 1.179450e+11 
300 3.707964e-04 6.156783e+07 1.185549e+11 
301 3.710771e-04 6.155652e+07 1.189074e+11 
302 3.712174e-04 6.155083e+07 1.190824e+11 
303 3.713577e-04 6.154507e+07 1.192701e+11 
304 3.715261e-04 6.153817e+07 1.194943e+11 
305 3.717282e-04 6.152976e+07 1.197855e+11 
306 3.719707e-04 6.151947e+07 1.201108e+11 
307 3.721162e-04 6.151323e+07 1.203162e+11 
308 3.722617e-04 6.150692e+07 1.205315e+11 
309 3.724363e-04 6.149926e+07 1.207911e+11 
310 3.726458e-04 6.148990e+07 1.211034e+11 
311 3.728972e-04 6.147847e+07 1.214822e+11 
312 3.731989e-04 6.146451e+07 1.219161e+11 
313 3.735609e-04 6.144732e+07 1.224539e+11 
314 3.737781e-04 6.143687e+07 1.227916e+11 
315 3.739954e-04 6.142627e+07 1.230694e+11 
316 3.742560e-04 6.141336e+07 1.234206e+11 
317 3.745688e-04 6.139755e+07 1.238729e+11 
318 3.749442e-04 6.137815e+07 1.244477e+11 
319 3.753946e-04 6.135421e+07 1.250632e+11 
320 3.759351e-04 6.132474e+07 1.258723e+11 
321 3.765837e-04 6.128830e+07 1.268554e+11 
322 3.769729e-04 6.126606e+07 1.274414e+11 
323 3.773621e-04 6.124351e+07 1.280144e+11 
324 3.775956e-04 6.122985e+07 1.283235e+11 
325 3.778291e-04 6.121609e+07 1.286855e+11 
326 3.781093e-04 6.119929e+07 1.290994e+11 
327 3.784455e-04 6.117883e+07 1.296321e+11 
328 3.788490e-04 6.115392e+07 1.302688e+11 
329 3.793332e-04 6.112355e+07 1.310095e+11 
330 3.796237e-04 6.110515e+07 1.314438e+11 
331 3.799142e-04 6.108649e+07 1.318628e+11 
332 3.800885e-04 6.107521e+07 1.321154e+11 
333 3.802628e-04 6.106377e+07 1.323869e+11 
334 3.804720e-04 6.105005e+07 1.326967e+11 
335 3.807230e-04 6.103331e+07 1.330765e+11 
336 3.810242e-04 6.101292e+07 1.335356e+11 
337 3.813856e-04 6.098822e+07 1.341237e+11 
338 3.818194e-04 6.095818e+07 1.347889e+11 
339 3.823399e-04 6.092109e+07 1.356107e+11 
340 3.826521e-04 6.089860e+07 1.360690e+11 
341 3.829644e-04 6.087577e+07 1.365344e+11 
342 3.833392e-04 6.084810e+07 1.371038e+11 
343 3.837889e-04 6.081460e+07 1.377638e+11 
344 3.840587e-04 6.079426e+07 1.381785e+11 
345 3.843285e-04 6.077381e+07 1.385934e+11 
346 3.846523e-04 6.074909e+07 1.391111e+11 
347 3.848466e-04 6.073424e+07 1.394334e+11 
348 3.850408e-04 6.071936e+07 1.397501e+11 
349 3.852739e-04 6.070143e+07 1.401765e+11 
350 3.855537e-04 6.067973e+07 1.406370e+11 
351 3.857215e-04 6.066672e+07 1.409296e+11 
352 3.858894e-04 6.065364e+07 1.411874e+11 
353 3.860908e-04 6.063780e+07 1.415129e+11 
354 3.863325e-04 6.061850e+07 1.418822e+11 
355 3.866226e-04 6.059512e+07 1.423730e+11 
356 3.869706e-04 6.056676e+07 1.429411e+11 
357 3.873883e-04 6.053231e+07 1.436174e+11 
358 3.878894e-04 6.049026e+07 1.444482e+11 
359 3.884909e-04 6.043876e+07 1.454355e+11 
360 3.886713e-04 6.042325e+07 1.457430e+11 
361 3.888517e-04 6.040768e+07 1.460652e+11 
362 3.890682e-04 6.038879e+07 1.464373e+11 
363 3.893281e-04 6.036591e+07 1.468994e+11 
364 3.896398e-04 6.033822e+07 1.474229e+11 
365 3.898269e-04 6.032148e+07 1.477697e+11 
366 3.900140e-04 6.030453e+07 1.480740e+11 
367 3.902385e-04 6.028427e+07 1.484791e+11 
368 3.905078e-04 6.025983e+07 1.489690e+11 
369 3.908311e-04 6.023009e+07 1.495170e+11 
370 3.912190e-04 6.019388e+07 1.501791e+11 
371 3.914517e-04 6.017214e+07 1.505426e+11 
372 3.916845e-04 6.015027e+07 1.509451e+11 
373 3.919638e-04 6.012385e+07 1.514555e+11 
374 3.922989e-04 6.009193e+07 1.520664e+11 
375 3.927011e-04 6.005333e+07 1.528282e+11 
376 3.931837e-04 6.000646e+07 1.537215e+11 
377 3.934733e-04 5.997813e+07 1.542116e+11 
378 3.937629e-04 5.994964e+07 1.547570e+11 
379 3.941103e-04 5.991513e+07 1.553776e+11 
380 3.945273e-04 5.987327e+07 1.561322e+11 
381 3.950277e-04 5.982232e+07 1.570172e+11 
382 3.953279e-04 5.979154e+07 1.574954e+11 
383 3.956282e-04 5.976044e+07 1.580311e+11 
384 3.959884e-04 5.972274e+07 1.586845e+11 
385 3.964208e-04 5.967721e+07 1.594896e+11 
386 3.969395e-04 5.962180e+07 1.604606e+11 
387 3.975621e-04 5.955434e+07 1.616330e+11 
388 3.979356e-04 5.951332e+07 1.623056e+11 
389 3.983091e-04 5.947186e+07 1.630341e+11 
390 3.987574e-04 5.942154e+07 1.638499e+11 
391 3.992953e-04 5.936041e+07 1.648929e+11 
392 3.996180e-04 5.932353e+07 1.655050e+11 
393 3.999407e-04 5.928652e+07 1.660943e+11 
394 4.003280e-04 5.924142e+07 1.667908e+11 
395 4.005604e-04 5.921443e+07 1.671632e+11 
396 4.007927e-04 5.918725e+07 1.675693e+11 
397 4.010716e-04 5.915449e+07 1.680619e+11 
398 4.014062e-04 5.911488e+07 1.686791e+11 
399 4.018077e-04 5.906706e+07 1.694947e+11 
400 4.022895e-04 5.900916e+07 1.704506e+11 
401 4.028677e-04 5.893879e+07 1.715698e+11 
402 4.032146e-04 5.889627e+07 1.722147e+11 
403 4.035616e-04 5.885334e+07 1.728885e+11 
404 4.039779e-04 5.880125e+07 1.737119e+11 
405 4.044774e-04 5.873802e+07 1.747313e+11 
406 4.047772e-04 5.869984e+07 1.752838e+11 
407 4.050769e-04 5.866151e+07 1.757888e+11 
408 4.052567e-04 5.863848e+07 1.760855e+11 
409 4.054366e-04 5.861540e+07 1.764149e+11 
410 4.056524e-04 5.858755e+07 1.768380e+11 
411 4.059114e-04 5.855404e+07 1.773375e+11 
412 4.062221e-04 5.851347e+07 1.779494e+11 
413 4.065951e-04 5.846465e+07 1.787346e+11 
414 4.070426e-04 5.840575e+07 1.796139e+11 
415 4.075796e-04 5.833473e+07 1.807472e+11 
416 4.079018e-04 5.829181e+07 1.813842e+11 
417 4.082240e-04 5.824848e+07 1.820291e+11 
418 4.086106e-04 5.819633e+07 1.828539e+11 
419 4.090746e-04 5.813327e+07 1.838565e+11 
420 4.096314e-04 5.805691e+07 1.850577e+11 
421 4.099654e-04 5.801067e+07 1.856401e+11 
422 4.101325e-04 5.798745e+07 1.859216e+11 
423 4.102995e-04 5.796414e+07 1.862460e+11 
424 4.104999e-04 5.793608e+07 1.866535e+11 
425 4.107405e-04 5.790219e+07 1.871808e+11 
426 4.110291e-04 5.786138e+07 1.877693e+11 
427 4.113754e-04 5.781207e+07 1.884725e+11 
428 4.117911e-04 5.775245e+07 1.893384e+11 
429 4.120404e-04 5.771649e+07 1.898762e+11 
430 4.121651e-04 5.769848e+07 1.901032e+11 
431 4.122898e-04 5.768040e+07 1.903223e+11 
432 4.124394e-04 5.765864e+07 1.906194e+11 
433 4.126190e-04 5.763243e+07 1.909831e+11 
434 4.128345e-04 5.760085e+07 1.914599e+11 
435 4.130930e-04 5.756283e+07 1.920452e+11 
436 4.134033e-04 5.751706e+07 1.927191e+11 
437 4.137756e-04 5.746189e+07 1.935156e+11 
438 4.142224e-04 5.739545e+07 1.944976e+11 
439 4.147585e-04 5.731522e+07 1.955787e+11 
440 4.150802e-04 5.726686e+07 1.962606e+11 
441 4.154019e-04 5.721842e+07 1.969372e+11 
442 4.155949e-04 5.718923e+07 1.973152e+11 
443 4.157879e-04 5.716012e+07 1.977291e+11 
444 4.160195e-04 5.712511e+07 1.982278e+11 
445 4.162974e-04 5.708299e+07 1.987662e+11 
446 4.166309e-04 5.703219e+07 1.995013e+11 
447 4.170312e-04 5.697087e+07 2.003880e+11 
448 4.175114e-04 5.689671e+07 2.014379e+11 
449 4.177996e-04 5.685183e+07 2.018791e+11 
450 4.179437e-04 5.682940e+07 2.021466e+11 
451 4.180878e-04 5.680685e+07 2.024460e+11 
452 4.182606e-04 5.677977e+07 2.028170e+11 
453 4.184681e-04 5.674726e+07 2.032927e+11 
454 4.187171e-04 5.670808e+07 2.038277e+11 
455 4.190159e-04 5.666097e+07 2.045088e+11 
456 4.193744e-04 5.660407e+07 2.053478e+11 
457 4.198046e-04 5.653521e+07 2.062998e+11 
458 4.200627e-04 5.649375e+07 2.068487e+11 
459 4.203209e-04 5.645213e+07 2.073692e+11 
460 4.206306e-04 5.640204e+07 2.080726e+11 
461 4.210023e-04 5.634163e+07 2.089488e+11 
462 4.214484e-04 5.626868e+07 2.099995e+11 
463 4.217160e-04 5.622462e+07 2.105125e+11 
464 4.217829e-04 5.621361e+07 2.106507e+11 
465 4.218498e-04 5.620255e+07 2.107816e+11 
466 4.219301e-04 5.618931e+07 2.109461e+11 
467 4.220265e-04 5.617329e+07 2.111535e+11 
468 4.221421e-04 5.615432e+07 2.113913e+11 
469 4.222808e-04 5.613134e+07 2.117189e+11 
470 4.224473e-04 5.610371e+07 2.120938e+11 
471 4.226471e-04 5.607061e+07 2.125664e+11 
472 4.228868e-04 5.603070e+07 2.131292e+11 
473 4.231745e-04 5.598284e+07 2.138154e+11 
474 4.235198e-04 5.592514e+07 2.145718e+11 
475 4.237269e-04 5.589044e+07 2.149864e+11 
476 4.239340e-04 5.585556e+07 2.153976e+11 
477 4.241826e-04 5.581350e+07 2.158999e+11 
478 4.243317e-04 5.578830e+07 2.161890e+11 
479 4.244809e-04 5.576307e+07 2.165239e+11 
480 4.246599e-04 5.573270e+07 2.169329e+11 
481 4.248746e-04 5.569621e+07 2.174008e+11 
482 4.251323e-04 5.565235e+07 2.179768e+11 
483 4.254416e-04 5.559943e+07 2.186715e+11 
484 4.258127e-04 5.553560e+07 2.195223e+11 
485 4.260354e-04 5.549725e+07 2.200245e+11 
486 4.262580e-04 5.545884e+07 2.205344e+11 
487 4.265252e-04 5.541277e+07 2.211417e+11 
488 4.266855e-04 5.538501e+07 2.214272e+11 
489 4.268459e-04 5.535725e+07 2.217631e+11 
490 4.270382e-04 5.532377e+07 2.222015e+11 
491 4.271537e-04 5.530373e+07 2.224591e+11 
492 4.272691e-04 5.528360e+07 2.227166e+11 
493 4.274076e-04 5.525947e+07 2.230114e+11 
494 4.275738e-04 5.523056e+07 2.233893e+11 
495 4.277733e-04 5.519570e+07 2.238570e+11 
496 4.280126e-04 5.515370e+07 2.243612e+11 
497 4.282999e-04 5.510312e+07 2.249882e+11 
498 4.286445e-04 5.504207e+07 2.257506e+11 
499 4.290581e-04 5.496876e+07 2.266707e+11 
500 4.293063e-04 5.492474e+07 2.272345e+11 
501 4.295545e-04 5.488072e+07 2.277155e+11 
502 4.298523e-04 5.482772e+07 2.283795e+11 
503 4.302096e-04 5.476379e+07 2.291084e+11 
504 4.304240e-04 5.472516e+07 2.295413e+11 
505 4.306384e-04 5.468635e+07 2.300202e+11 
506 4.308957e-04 5.463960e+07 2.306088e+11 
507 4.312045e-04 5.458344e+07 2.313009e+11 
508 4.315750e-04 5.451555e+07 2.321427e+11 
509 4.320196e-04 5.443392e+07 2.331713e+11 
510 4.325531e-04 5.433511e+07 2.342549e+11 
511 4.328732e-04 5.427577e+07 2.349370e+11 
512 4.331933e-04 5.421630e+07 2.356490e+11 
513 4.335775e-04 5.414468e+07 2.364309e+11 
514 4.338080e-04 5.410158e+07 2.368864e+11 
515 4.340384e-04 5.405848e+07 2.373712e+11 
516 4.343150e-04 5.400646e+07 2.379643e+11 
517 4.346469e-04 5.394397e+07 2.386756e+11 
518 4.350452e-04 5.386863e+07 2.394786e+11 
519 4.352842e-04 5.382343e+07 2.399276e+11 
520 4.354036e-04 5.380080e+07 2.401010e+11 
521 4.355231e-04 5.377828e+07 2.402904e+11 
522 4.356665e-04 5.375106e+07 2.405937e+11 
523 4.358386e-04 5.371838e+07 2.409522e+11 
524 4.360450e-04 5.367922e+07 2.414239e+11 
525 4.362928e-04 5.363211e+07 2.419638e+11 
526 4.365901e-04 5.357556e+07 2.425936e+11 
527 4.369469e-04 5.350756e+07 2.433932e+11 
528 4.371609e-04 5.346677e+07 2.438459e+11 
529 4.372680e-04 5.344640e+07 2.440357e+11 
530 4.373750e-04 5.342600e+07 2.442469e+11 
531 4.375034e-04 5.340143e+07 2.444880e+11 
532 4.376576e-04 5.337202e+07 2.448242e+11 
533 4.378425e-04 5.333669e+07 2.452417e+11 
534 4.380644e-04 5.329415e+07 2.456481e+11 
535 4.383308e-04 5.324308e+07 2.462184e+11 
536 4.386504e-04 5.318167e+07 2.469663e+11 
537 4.390339e-04 5.310794e+07 2.477344e+11 
538 4.394941e-04 5.301950e+07 2.487132e+11 
539 4.397702e-04 5.296625e+07 2.492226e+11 
540 4.400464e-04 5.291304e+07 2.498191e+11 
541 4.403777e-04 5.284920e+07 2.504852e+11 
542 4.407753e-04 5.277190e+07 2.513221e+11 
543 4.410139e-04 5.272553e+07 2.518469e+11 
544 4.410288e-04 5.272255e+07 2.518741e+11 
545 4.410437e-04 5.271969e+07 2.518884e+11 
546 4.410616e-04 5.271613e+07 2.519177e+11 
547 4.410831e-04 5.271198e+07 2.519916e+11 
548 4.411089e-04 5.270694e+07 2.520405e+11 
549 4.411398e-04 5.270088e+07 2.521028e+11 
550 4.411769e-04 5.269371e+07 2.521811e+11 
551 4.412214e-04 5.268505e+07 2.522710e+11 
552 4.412749e-04 5.267468e+07 2.523841e+11 
553 4.413390e-04 5.266219e+07 2.525188e+11 
554 4.414159e-04 5.264722e+07 2.526910e+11 
555 4.415082e-04 5.262923e+07 2.528872e+11 
556 4.416190e-04 5.260755e+07 2.531408e+11 
557 4.417520e-04 5.258163e+07 2.534404e+11 
558 4.419115e-04 5.255047e+07 2.538087e+11 
559 4.421030e-04 5.251307e+07 2.542435e+11 
560 4.423327e-04 5.246798e+07 2.547530e+11 
561 4.426084e-04 5.241389e+07 2.553935e+11 
562 4.429392e-04 5.234888e+07 2.561882e+11 
563 4.433362e-04 5.227087e+07 2.571230e+11 
564 4.438125e-04 5.217704e+07 2.582686e+11 
565 4.443842e-04 5.206473e+07 2.596593e+11 
566 4.447272e-04 5.199713e+07 2.603098e+11 
567 4.448987e-04 5.196339e+07 2.605763e+11 
568 4.450702e-04 5.192956e+07 2.608970e+11 
569 4.452760e-04 5.188893e+07 2.613728e+11 
570 4.455229e-04 5.184008e+07 2.619666e+11 
571 4.458193e-04 5.178151e+07 2.626817e+11 
572 4.459971e-04 5.174641e+07 2.630757e+11 
573 4.460860e-04 5.172889e+07 2.632950e+11 
574 4.461749e-04 5.171136e+07 2.634993e+11 
575 4.462816e-04 5.169024e+07 2.637440e+11 
576 4.464096e-04 5.166496e+07 2.640106e+11 
577 4.465632e-04 5.163463e+07 2.643485e+11 
578 4.467476e-04 5.159816e+07 2.647892e+11 
579 4.469688e-04 5.155451e+07 2.653254e+11 
580 4.472343e-04 5.150225e+07 2.659693e+11 
581 4.475528e-04 5.143939e+07 2.667576e+11 
582 4.477439e-04 5.140173e+07 2.672343e+11 
583 4.479351e-04 5.136411e+07 2.676962e+11 
584 4.481644e-04 5.131883e+07 2.682679e+11 
585 4.483021e-04 5.129174e+07 2.685342e+11 
586 4.484397e-04 5.126452e+07 2.688223e+11 
587 4.486048e-04 5.123182e+07 2.692015e+11 
588 4.488030e-04 5.119264e+07 2.697089e+11 
589 4.490408e-04 5.114555e+07 2.703176e+11 
590 4.493261e-04 5.108898e+07 2.709900e+11 
591 4.496686e-04 5.102096e+07 2.717235e+11 
592 4.498740e-04 5.098014e+07 2.721396e+11 
593 4.500795e-04 5.093934e+07 2.725777e+11 
594 4.503261e-04 5.089036e+07 2.731450e+11 
595 4.506219e-04 5.083158e+07 2.738629e+11 
596 4.509770e-04 5.076085e+07 2.746764e+11 
597 4.514030e-04 5.067587e+07 2.756385e+11 
598 4.516586e-04 5.062501e+07 2.761553e+11 
599 4.519142e-04 5.057414e+07 2.767070e+11 
600 4.522210e-04 5.051311e+07 2.774432e+11 
601 4.525891e-04 5.043964e+07 2.782918e+11 
602 4.528100e-04 5.039560e+07 2.787920e+11 
603 4.529204e-04 5.037360e+07 2.790128e+11 
604 4.530308e-04 5.035148e+07 2.792501e+11 
605 4.531633e-04 5.032504e+07 2.795354e+11 
606 4.533224e-04 5.029322e+07 2.799198e+11 
607 4.535132e-04 5.025500e+07 2.803057e+11 
608 4.537422e-04 5.020916e+07 2.808540e+11 
609 4.540170e-04 5.015424e+07 2.814950e+11 
610 4.543467e-04 5.008837e+07 2.822770e+11 
611 4.547424e-04 5.000916e+07 2.832239e+11 
612 4.549798e-04 4.996165e+07 2.837791e+11 
613 4.550985e-04 4.993793e+07 2.840317e+11 
614 4.552172e-04 4.991423e+07 2.842928e+11 
615 4.553597e-04 4.988571e+07 2.845810e+11 
616 4.555306e-04 4.985147e+07 2.849765e+11 
617 4.557357e-04 4.981054e+07 2.854460e+11 
618 4.559819e-04 4.976141e+07 2.860063e+11 
619 4.562773e-04 4.970270e+07 2.867514e+11 
620 4.566317e-04 4.963206e+07 2.875744e+11 
621 4.568444e-04 4.958978e+07 2.880129e+11 
622 4.570571e-04 4.954741e+07 2.884620e+11 
623 4.573123e-04 4.949656e+07 2.890364e+11 
624 4.576185e-04 4.943553e+07 2.897116e+11 
625 4.579860e-04 4.936212e+07 2.905403e+11 
626 4.582065e-04 4.931817e+07 2.909859e+11 
627 4.583168e-04 4.929621e+07 2.912320e+11 
628 4.584270e-04 4.927418e+07 2.914614e+11 
629 4.585594e-04 4.924757e+07 2.917523e+11 
630 4.587181e-04 4.921570e+07 2.921166e+11 
631 4.589086e-04 4.917744e+07 2.925532e+11 
632 4.591372e-04 4.913163e+07 2.931172e+11 
633 4.594116e-04 4.907660e+07 2.937618e+11 
634 4.597408e-04 4.901064e+07 2.946309e+11 
635 4.601358e-04 4.893143e+07 2.956346e+11 
636 4.603729e-04 4.888407e+07 2.962019e+11 
637 4.606099e-04 4.883648e+07 2.967582e+11 
638 4.608943e-04 4.877948e+07 2.974837e+11 
639 4.612357e-04 4.871092e+07 2.982509e+11 
640 4.616452e-04 4.862881e+07 2.992343e+11 
641 4.621367e-04 4.853034e+07 3.004628e+11 
642 4.627266e-04 4.841177e+07 3.017925e+11 
643 4.630804e-04 4.834093e+07 3.024864e+11 
644 4.634343e-04 4.826981e+07 3.031171e+11 
645 4.638590e-04 4.818422e+07 3.039972e+11 
646 4.641138e-04 4.813298e+07 3.044966e+11 
647 4.642412e-04 4.810744e+07 3.046949e+11 
648 4.643686e-04 4.808182e+07 3.049537e+11 
649 4.645214e-04 4.805107e+07 3.053107e+11 
650 4.647049e-04 4.801405e+07 3.056926e+11 
651 4.649250e-04 4.796978e+07 3.061867e+11 
652 4.651892e-04 4.791657e+07 3.067764e+11 
653 4.655062e-04 4.785279e+07 3.075433e+11 
654 4.658866e-04 4.777634e+07 3.084720e+11 
655 4.661149e-04 4.773057e+07 3.089242e+11 
656 4.663431e-04 4.768478e+07 3.093732e+11 
657 4.664801e-04 4.765724e+07 3.096563e+11 
658 4.666170e-04 4.762973e+07 3.099686e+11 
659 4.667813e-04 4.759676e+07 3.103124e+11 
660 4.669786e-04 4.755710e+07 3.107242e+11 
661 4.672152e-04 4.750951e+07 3.112795e+11 
662 4.674992e-04 4.745276e+07 3.119193e+11 
663 4.678399e-04 4.738464e+07 3.126989e+11 
664 4.679422e-04 4.736423e+07 3.128691e+11 
665 4.680444e-04 4.734369e+07 3.129909e+11 
666 4.681671e-04 4.731924e+07 3.132566e+11 
667 4.683143e-04 4.728975e+07 3.134948e+11 
668 4.684909e-04 4.725441e+07 3.139091e+11 
669 4.687029e-04 4.721201e+07 3.144276e+11 
670 4.689573e-04 4.716113e+07 3.150225e+11 
671 4.692626e-04 4.710002e+07 3.157664e+11 
672 4.696289e-04 4.702661e+07 3.166813e+11 
673 4.698487e-04 4.698257e+07 3.171418e+11 
674 4.700684e-04 4.693827e+07 3.175709e+11 
675 4.702003e-04 4.691175e+07 3.177992e+11 
676 4.703322e-04 4.688522e+07 3.180704e+11 
677 4.704904e-04 4.685337e+07 3.183951e+11 
678 4.706803e-04 4.681524e+07 3.188258e+11 
679 4.709082e-04 4.676943e+07 3.193329e+11 
680 4.711817e-04 4.671449e+07 3.199286e+11 
681 4.713457e-04 4.668157e+07 3.202701e+11 
682 4.715098e-04 4.664859e+07 3.206207e+11 
683 4.717067e-04 4.660913e+07 3.210501e+11 
684 4.719429e-04 4.656170e+07 3.215742e+11 
685 4.720847e-04 4.653333e+07 3.218838e+11 
686 4.721556e-04 4.651913e+07 3.219970e+11 
687 4.722264e-04 4.650497e+07 3.221523e+11 
688 4.723115e-04 4.648785e+07 3.223143e+11 
689 4.724136e-04 4.646746e+07 3.225249e+11 
690 4.725360e-04 4.644295e+07 3.227814e+11 
691 4.726830e-04 4.641363e+07 3.230902e+11 
692 4.728594e-04 4.637847e+07 3.234459e+11 
693 4.730710e-04 4.633643e+07 3.239145e+11 
694 4.733250e-04 4.628582e+07 3.244970e+11 
695 4.736298e-04 4.622520e+07 3.250954e+11 
696 4.739955e-04 4.615232e+07 3.258625e+11 
697 4.741052e-04 4.613054e+07 3.260201e+11 
698 4.742149e-04 4.610869e+07 3.262006e+11 
699 4.743466e-04 4.608243e+07 3.264524e+11 
700 4.745045e-04 4.605100e+07 3.267540e+11 
701 4.746941e-04 4.601332e+07 3.271707e+11 
702 4.748079e-04 4.599068e+07 3.273976e+11 
703 4.749216e-04 4.596809e+07 3.276239e+11 
704 4.750581e-04 4.594102e+07 3.278917e+11 
705 4.752219e-04 4.590866e+07 3.282383e+11 
706 4.754185e-04 4.586985e+07 3.286562e+11 
707 4.756544e-04 4.582338e+07 3.291864e+11 
708 4.757959e-04 4.579559e+07 3.294576e+11 
709 4.759374e-04 4.576775e+07 3.297688e+11 
710 4.761073e-04 4.573436e+07 3.301222e+11 
711 4.763111e-04 4.569440e+07 3.305175e+11 
712 4.765556e-04 4.564643e+07 3.309352e+11 
713 4.767023e-04 4.561766e+07 3.311508e+11 
714 4.768491e-04 4.558891e+07 3.314110e+11 
715 4.769371e-04 4.557172e+07 3.315614e+11 
716 4.770252e-04 4.555455e+07 3.317073e+11 
717 4.771308e-04 4.553391e+07 3.318988e+11 
718 4.772576e-04 4.550923e+07 3.321018e+11 
719 4.774097e-04 4.547969e+07 3.323785e+11 
720 4.775923e-04 4.544428e+07 3.327452e+11 
721 4.778113e-04 4.540187e+07 3.332222e+11 
722 4.780742e-04 4.535089e+07 3.337954e+11 
723 4.783897e-04 4.528992e+07 3.343861e+11 
724 4.785790e-04 4.525340e+07 3.347546e+11 
725 4.787683e-04 4.521702e+07 3.350469e+11 
726 4.789954e-04 4.517333e+07 3.354000e+11 
727 4.792679e-04 4.512097e+07 3.359794e+11 
728 4.795950e-04 4.505812e+07 3.367015e+11 
729 4.797913e-04 4.502040e+07 3.370405e+11 
730 4.799875e-04 4.498266e+07 3.374060e+11 
731 4.801053e-04 4.495999e+07 3.376103e+11 
732 4.802230e-04 4.493746e+07 3.378116e+11 
733 4.803643e-04 4.491030e+07 3.380789e+11 
734 4.805339e-04 4.487775e+07 3.384400e+11 
735 4.807373e-04 4.483884e+07 3.388492e+11 
736 4.809815e-04 4.479202e+07 3.392911e+11 
737 4.812745e-04 4.473574e+07 3.398525e+11 
738 4.814503e-04 4.470208e+07 3.401279e+11 
739 4.816261e-04 4.466838e+07 3.404160e+11 
740 4.818370e-04 4.462790e+07 3.408071e+11 
741 4.820902e-04 4.457942e+07 3.412957e+11 
742 4.823939e-04 4.452133e+07 3.418360e+11 
743 4.824053e-04 4.451912e+07 3.418385e+11 
744 4.824167e-04 4.451686e+07 3.418488e+11 
745 4.824304e-04 4.451421e+07 3.418608e+11 
746 4.824468e-04 4.451112e+07 3.418772e+11 
747 4.824665e-04 4.450732e+07 3.419085e+11 
748 4.824901e-04 4.450281e+07 3.419427e+11 
749 4.825184e-04 4.449733e+07 3.419868e+11 
750 4.825524e-04 4.449086e+07 3.420439e+11 
751 4.825933e-04 4.448306e+07 3.421200e+11 
752 4.826422e-04 4.447360e+07 3.422205e+11 
753 4.827010e-04 4.446237e+07 3.423495e+11 
754 4.827716e-04 4.444889e+07 3.424726e+11 
755 4.828562e-04 4.443267e+07 3.425999e+11 
756 4.829578e-04 4.441340e+07 3.427696e+11 
757 4.830796e-04 4.439019e+07 3.429961e+11 
758 4.832259e-04 4.436234e+07 3.432245e+11 
759 4.834014e-04 4.432906e+07 3.435365e+11 
760 4.836120e-04 4.428918e+07 3.439322e+11 
761 4.837384e-04 4.426531e+07 3.441172e+11 
762 4.838648e-04 4.424146e+07 3.443002e+11 
763 4.840164e-04 4.421280e+07 3.445609e+11 
764 4.841074e-04 4.419579e+07 3.447189e+11 
765 4.841984e-04 4.417861e+07 3.449075e+11 
766 4.843075e-04 4.415817e+07 3.450663e+11 
767 4.844386e-04 4.413366e+07 3.452954e+11 
768 4.845958e-04 4.410432e+07 3.455775e+11 
769 4.847844e-04 4.406914e+07 3.459212e+11 
770 4.850108e-04 4.402685e+07 3.463898e+11 
771 4.852825e-04 4.397630e+07 3.469935e+11 
772 4.856085e-04 4.391581e+07 3.476400e+11 
773 4.858041e-04 4.387972e+07 3.479380e+11 
774 4.859997e-04 4.384352e+07 3.482087e+11 
775 4.862345e-04 4.380023e+07 3.486185e+11 
776 4.865161e-04 4.374826e+07 3.490836e+11 
777 4.868541e-04 4.368623e+07 3.497449e+11 
778 4.870569e-04 4.364912e+07 3.499299e+11 
779 4.871583e-04 4.363064e+07 3.499677e+11 
780 4.872598e-04 4.361213e+07 3.500911e+11 
781 4.873814e-04 4.358995e+07 3.502469e+11 
782 4.875275e-04 4.356343e+07 3.504606e+11 
783 4.877027e-04 4.353169e+07 3.506565e+11 
784 4.878078e-04 4.351282e+07 3.507700e+11 
785 4.879129e-04 4.349385e+07 3.509204e+11 
786 4.880391e-04 4.347100e+07 3.511257e+11 
787 4.881905e-04 4.344377e+07 3.513593e+11 
788 4.883722e-04 4.341093e+07 3.515864e+11 
789 4.885902e-04 4.337165e+07 3.519766e+11 
