strain,screw_percent,mixed_percent,edge_percent
0.000000000000000000e+00,0.000000000000000000e+00,2.371852584336188841e+00,9.762814741566380405e+01
2.999999999999999980e-09,0.000000000000000000e+00,2.370021222943813566e+00,9.762997877705619487e+01
6.600000000000000370e-09,0.000000000000000000e+00,2.364393800301789916e+00,9.763560619969820209e+01
1.091999999999999951e-08,0.000000000000000000e+00,2.357014514733875465e+00,9.764298548526612365e+01
1.610399999999999981e-08,0.000000000000000000e+00,2.357628505636800043e+00,9.764237149436320351e+01
2.232479999999999884e-08,0.000000000000000000e+00,2.371781417401412462e+00,9.762821858259859198e+01
2.978976000000000033e-08,0.000000000000000000e+00,2.371771185856795139e+00,9.762822881414319909e+01
3.874770999999999750e-08,0.000000000000000000e+00,2.370110265167741037e+00,9.762988973483226118e+01
4.949724999999999676e-08,0.000000000000000000e+00,2.369988079295755057e+00,9.763001192070424850e+01
6.239671000000000631e-08,0.000000000000000000e+00,2.382331193848997053e+00,9.761766880615100206e+01
7.787604999999999806e-08,0.000000000000000000e+00,2.371669295507079056e+00,9.762833070449292450e+01
9.645125999999999807e-08,0.000000000000000000e+00,2.382978635312782423e+00,9.761702136468721847e+01
1.187415000000000048e-07,0.000000000000000000e+00,2.418351401911118082e+00,9.758164859808887570e+01
1.454898000000000036e-07,0.000000000000000000e+00,2.408033065656193017e+00,9.759196693434381586e+01
1.775878000000000042e-07,0.000000000000000000e+00,2.416322484865307096e+00,9.758367751513468136e+01
2.161052999999999916e-07,0.000000000000000000e+00,2.406242098090236592e+00,9.759375790190975408e+01
2.623264000000000110e-07,0.000000000000000000e+00,2.554595692141487628e+00,9.744540430785852436e+01
3.177917000000000146e-07,0.000000000000000000e+00,2.504118344691757425e+00,9.749588165530823858e+01
3.843500000000000237e-07,0.000000000000000000e+00,2.461547001263162837e+00,9.753845299873684382e+01
4.642200000000000104e-07,0.000000000000000000e+00,2.109463954615689030e+00,9.789053604538430875e+01
5.600640000000000049e-07,0.000000000000000000e+00,2.449591857340862155e+00,9.755040814265915117e+01
6.750768000000000195e-07,0.000000000000000000e+00,2.550876570542290889e+00,9.744912342945769979e+01
8.130921999999999703e-07,0.000000000000000000e+00,2.671618843953260214e+00,9.732838115604674556e+01
9.787105999999999600e-07,0.000000000000000000e+00,2.574696650514358254e+00,9.742530334948563109e+01
1.177452999999999923e-06,0.000000000000000000e+00,2.658967064806498470e+00,9.734103293519351041e+01
1.415942999999999989e-06,0.000000000000000000e+00,2.579067603319929791e+00,9.742093239668005822e+01
1.702132000000000011e-06,0.000000000000000000e+00,2.599852997156322676e+00,9.740014700284366711e+01
2.045558000000000058e-06,0.000000000000000000e+00,2.406641482759176665e+00,9.759335851724081579e+01
2.457669999999999798e-06,0.000000000000000000e+00,2.412588841627122171e+00,9.758741115837287339e+01
2.952203999999999983e-06,0.000000000000000000e+00,2.399477485657357523e+00,9.760052251434264292e+01
3.545645000000000169e-06,0.000000000000000000e+00,2.715720952085867612e+00,9.728427904791412573e+01
4.257773999999999835e-06,0.000000000000000000e+00,2.722154540721528182e+00,9.727784545927848114e+01
5.112328000000000090e-06,0.000000000000000000e+00,2.687883278476408844e+00,9.731211672152359426e+01
6.137794000000000175e-06,2.160768903397425889e-01,2.586125268812157429e+00,9.719779784084809648e+01
7.368353000000000229e-06,2.240695417606219930e-01,2.579386792563776343e+00,9.719654366567560544e+01
8.845023000000000441e-06,1.210083585118744282e-01,2.339483071678411630e+00,9.753950856980972617e+01
1.061703000000000057e-05,0.000000000000000000e+00,2.369332622101973485e+00,9.763066737789803540e+01
1.274342999999999938e-05,0.000000000000000000e+00,2.280624080806342047e+00,9.771937591919365218e+01
1.529512000000000002e-05,0.000000000000000000e+00,2.696634855786185447e+00,9.730336514421381366e+01
1.829511999999999840e-05,0.000000000000000000e+00,2.855783317068752769e+00,9.714421668293125833e+01
2.129512000000000017e-05,0.000000000000000000e+00,3.025364933715155136e+00,9.697463506628484708e+01
2.429511999999999855e-05,9.606997872027438212e-02,2.731490803227572428e+00,9.717243921805214768e+01
2.729512000000000032e-05,0.000000000000000000e+00,2.817171662766768669e+00,9.718282833723323222e+01
3.029511999999999871e-05,0.000000000000000000e+00,2.927545959659909158e+00,9.707245404034010505e+01
3.329512000000000048e-05,0.000000000000000000e+00,3.284354463276162317e+00,9.671564553672382658e+01
3.629511999999999886e-05,0.000000000000000000e+00,3.311308582053011040e+00,9.668869141794699829e+01
3.929511999999999724e-05,0.000000000000000000e+00,2.994432811857124843e+00,9.700556718814287649e+01
4.229512000000000240e-05,0.000000000000000000e+00,2.733705873735445824e+00,9.726629412626455462e+01
4.529512000000000078e-05,0.000000000000000000e+00,3.369018944349962741e+00,9.663098105565003948e+01
4.829511999999999916e-05,0.000000000000000000e+00,4.083972575685140605e+00,9.591602742431484785e+01
5.129511999999999754e-05,0.000000000000000000e+00,4.357870862825586222e+00,9.564212913717442177e+01
5.429512000000000270e-05,7.051071507097912416e-01,4.678977955926727716e+00,9.461591489336348104e+01
5.729512000000000109e-05,6.480560487238079537e-01,3.942997753832143903e+00,9.540894619744405247e+01
6.029511999999999947e-05,0.000000000000000000e+00,4.722917530520417628e+00,9.527708246947958060e+01
6.329512000000000463e-05,0.000000000000000000e+00,5.416704126393859120e+00,9.458329587360613289e+01
6.629511999999999623e-05,0.000000000000000000e+00,5.365690841025554825e+00,9.463430915897444606e+01
6.929512000000000139e-05,0.000000000000000000e+00,5.892625720012981461e+00,9.410737427998701321e+01
7.229512000000000655e-05,0.000000000000000000e+00,5.823573743130798341e+00,9.417642625686919189e+01
7.529511999999999815e-05,0.000000000000000000e+00,6.452807063904074880e+00,9.354719293609592512e+01
7.829512000000000331e-05,1.453936834758641772e-01,7.014956755136037003e+00,9.283964956138810010e+01
8.129511999999999492e-05,3.383708182158600142e-01,7.413170999249468096e+00,9.224845818253466234e+01
8.429512000000000007e-05,1.483422533067944860e-01,7.019913776388972515e+00,9.283174397030423108e+01
8.729512000000000523e-05,0.000000000000000000e+00,7.337704716062519061e+00,9.266229528393748183e+01
9.029511999999999684e-05,0.000000000000000000e+00,7.061063971721193155e+00,9.293893602827881750e+01
9.329512000000000200e-05,0.000000000000000000e+00,7.518917100629710859e+00,9.248108289937029269e+01
9.629511999999999360e-05,0.000000000000000000e+00,7.435924337760511982e+00,9.256407566223947470e+01
9.929511999999999876e-05,1.522750647748373487e-01,8.221920204068563720e+00,9.162580473115660595e+01
1.022951000000000025e-04,1.585209043746220736e-01,8.009071073431361043e+00,9.183240802219403065e+01
1.052950999999999941e-04,1.675282597499234138e-01,8.072565198112721774e+00,9.175990654213735809e+01
1.082950999999999993e-04,1.662358578965182909e-01,8.200523214639018121e+00,9.163324092746444194e+01
1.112951000000000044e-04,3.176066377320810319e-01,8.437699337183802939e+00,9.124469402508411520e+01
1.142950999999999960e-04,3.294017254108299597e-01,8.858026308459349352e+00,9.081257196612982341e+01
1.172951000000000012e-04,3.470422385836274826e-01,8.862726708683238641e+00,9.079023105273314798e+01
1.202951000000000064e-04,3.688319643095737121e-01,8.824494898491122896e+00,9.080667313719931144e+01
1.232950999999999980e-04,5.329226389850563184e-01,9.043387654599481351e+00,9.042368970641547321e+01
1.262950999999999896e-04,9.510962499684417759e-01,1.000152257653753374e+01,8.904738117349403126e+01
1.292951000000000083e-04,4.690561240420563216e-01,9.882193970449534959e+00,8.964874990550841005e+01
1.322950999999999999e-04,4.936877574621283959e-01,9.782637256525450908e+00,8.972367498601241209e+01
1.352950999999999915e-04,5.079469097532750554e-01,9.955529203026772578e+00,8.953652388721995692e+01
1.382951000000000102e-04,6.821949713258553816e-01,1.028435944016410808e+01,8.903344558851003399e+01
1.412951000000000018e-04,7.041067404959088227e-01,1.091575143479333043e+01,8.838014182471074776e+01
1.442950999999999934e-04,7.219720878123500052e-01,1.098032746542922844e+01,8.829770044675842655e+01
1.472951000000000121e-04,7.392735422285999780e-01,1.095621896283780572e+01,8.830450749493358842e+01
1.502951000000000037e-04,7.539801415479803204e-01,1.106304356984905013e+01,8.818297628860295845e+01
1.532950999999999953e-04,7.658395395404365980e-01,1.140725775320851554e+01,8.782690270725105108e+01
1.562950999999999869e-04,9.559696281713585542e-01,1.157877298259571752e+01,8.746525738923291726e+01
1.592951000000000057e-04,8.923503849970835233e-01,1.128699037584152798e+01,8.782065923916138672e+01
1.622950999999999973e-04,1.097979614554807082e+00,1.159850271201275262e+01,8.730351767343243807e+01
1.652950999999999889e-04,1.121253983466736548e+00,1.164739236941360723e+01,8.723135364711966133e+01
1.682951000000000076e-04,1.263715363905137501e+00,1.162628264636129849e+01,8.711000198973357556e+01
1.712950999999999992e-04,1.692962493981412297e+00,1.201062112480840405e+01,8.629641638121017877e+01
1.742950999999999908e-04,2.196197661848688032e+00,1.203441729345088795e+01,8.576938504470042801e+01
1.772951000000000095e-04,2.093158094771756961e+00,1.234481458910071794e+01,8.556202731612752643e+01
1.802951000000000011e-04,1.954757770453879884e+00,1.306776194555252602e+01,8.497748028399358589e+01
1.832950999999999927e-04,1.997889887677560150e+00,1.329535000591739369e+01,8.470676010640504217e+01
1.862951000000000114e-04,2.106945580682125563e+00,1.320329342288153818e+01,8.468976099643634825e+01
1.892951000000000030e-04,2.237206550727783849e+00,1.381274184004411332e+01,8.395005160922809750e+01
1.922950999999999946e-04,2.445301725564144046e+00,1.467031249935577542e+01,8.288438577508009075e+01
1.952951000000000133e-04,2.497488504550449129e+00,1.439111194891315826e+01,8.311139954653640416e+01
1.982951000000000050e-04,2.707295013767114344e+00,1.360698738117496731e+01,8.368571760505790280e+01
2.012950999999999966e-04,2.607923187305307255e+00,1.429448651312699781e+01,8.309759029956769893e+01
2.042950999999999882e-04,2.991677806298837172e+00,1.507189662514455897e+01,8.193642556855660075e+01
2.072951000000000069e-04,2.711703279977021541e+00,1.528154553450220732e+01,8.200675118552076981e+01
2.102950999999999985e-04,2.690133662584594187e+00,1.549499239214307522e+01,8.181487394527233903e+01
2.132950999999999901e-04,3.016123782301725065e+00,1.537621912136910574e+01,8.160765709632916298e+01
2.162951000000000088e-04,2.984210153670888932e+00,1.605828946256449186e+01,8.095750038376461077e+01
2.192951000000000004e-04,4.006207200869683405e+00,1.613621796548741827e+01,7.985757483364290010e+01
2.222950999999999920e-04,4.148385798450530793e+00,1.596231375623161419e+01,7.988930044531784347e+01
2.252951000000000107e-04,4.090765957745034598e+00,1.636937663582419944e+01,7.953985740643075530e+01
2.282951000000000023e-04,4.373335594064071685e+00,1.659215163440826402e+01,7.903451277152765897e+01
2.312950999999999939e-04,4.737620202943737091e+00,1.686800920326501441e+01,7.839437059379125117e+01
2.342951000000000126e-04,4.925926016808051422e+00,1.734382830986087498e+01,7.773024567333106916e+01
2.372951000000000042e-04,5.048673499776691997e+00,1.784959863106192657e+01,7.710172786916137966e+01
2.402950999999999959e-04,5.020794246769019864e+00,1.864547865205685895e+01,7.633372710117411941e+01
2.432950999999999875e-04,5.431773767284571619e+00,1.912591316734581426e+01,7.544231306536961768e+01
2.462950999999999791e-04,5.491472233352563848e+00,1.937752469912103592e+01,7.513100306752639312e+01
2.492950999999999978e-04,5.487626249875298790e+00,1.878187303003859654e+01,7.573050072008611266e+01
2.522951000000000165e-04,5.651548002954170258e+00,1.934649779051471441e+01,7.500195420653112421e+01
2.552950999999999810e-04,5.518948467648870704e+00,1.906491166184477137e+01,7.541613987050637036e+01
2.582950999999999997e-04,5.781357494535012798e+00,1.883883518664433865e+01,7.537980731882063878e+01
2.612951000000000184e-04,6.142653982491379061e+00,1.929736125055335805e+01,7.455998476695526733e+01
2.642950999999999829e-04,6.865051927047281843e+00,1.888300264298402809e+01,7.425194542996868563e+01
2.672951000000000016e-04,6.693085116965691306e+00,1.886615166816679334e+01,7.444076321486751624e+01
2.702951000000000203e-04,7.082716782529939969e+00,1.848154771732735213e+01,7.443573550014268392e+01
2.732950999999999848e-04,7.076809274867584598e+00,1.933517510084177360e+01,7.358801562429064802e+01
2.762951000000000035e-04,7.629692621304199562e+00,1.913945770939918489e+01,7.323084966929661732e+01
2.792951000000000223e-04,7.883436060921193089e+00,1.847714784360741191e+01,7.363941609547138967e+01
2.822950999999999868e-04,8.198934924929398349e+00,1.818231451160635714e+01,7.361875056346424628e+01
2.852951000000000055e-04,8.306013815918401377e+00,1.878511031584388746e+01,7.290887586823770050e+01
2.882951000000000242e-04,8.972857018042063260e+00,1.897923887299970858e+01,7.204790410895823527e+01
2.912950999999999887e-04,9.481729671032395501e+00,1.912839380786790144e+01,7.138987652109969417e+01
2.942951000000000074e-04,9.877840696402538256e+00,1.886175640637888051e+01,7.126040289721859722e+01
2.972951000000000261e-04,9.744113309170202797e+00,1.928910122708805375e+01,7.096678546374174346e+01
3.002950999999999906e-04,9.918670678864137003e+00,1.898322961238334727e+01,7.109809970875251395e+01
3.032951000000000093e-04,1.017258502355264405e+01,1.916621430486549826e+01,7.066120067158185236e+01
3.062950999999999738e-04,1.064569397717368027e+01,1.921414688543038807e+01,7.014015913739592634e+01
3.092950999999999925e-04,1.103029665334486964e+01,1.891644313623765683e+01,7.005326021041747708e+01
3.122951000000000112e-04,1.154694211787636959e+01,1.904039212022086858e+01,6.941266576190274407e+01
3.152950999999999757e-04,1.192258700318895492e+01,1.908342659940311847e+01,6.899398639740792305e+01
3.182950999999999944e-04,1.216034497899608624e+01,1.943692158964397976e+01,6.840273343135993400e+01
3.212951000000000132e-04,1.273987062115331703e+01,1.920271101603325903e+01,6.805741836281342216e+01
3.242950999999999777e-04,1.277671559238784660e+01,1.961037484926410102e+01,6.761290955834805061e+01
3.272950999999999964e-04,1.333276174934434444e+01,1.945137622161229629e+01,6.721586202904335039e+01
3.302951000000000151e-04,1.322377398125141745e+01,1.979805544059130895e+01,6.697817057815728958e+01
3.332950999999999796e-04,1.377752523408268814e+01,2.052425738412474132e+01,6.569821738179257409e+01
3.362950999999999983e-04,1.438738687935001082e+01,1.996849470301269136e+01,6.564411841763731559e+01
3.392951000000000170e-04,1.520719146063091287e+01,2.002708391321599279e+01,6.476572462615310144e+01
3.422950999999999815e-04,1.557093202042012337e+01,1.953948658007691463e+01,6.488958139950295845e+01
3.452951000000000002e-04,1.626123068952441031e+01,1.914158735574342529e+01,6.459718195473216440e+01
3.482951000000000189e-04,1.643481284185253699e+01,1.959110689163184560e+01,6.397408026651562096e+01
3.512950999999999834e-04,1.654936163247877801e+01,2.035815925790124226e+01,6.309247910961997263e+01
3.542951000000000021e-04,1.714008384431252097e+01,2.056217994814977246e+01,6.229773620753770302e+01
3.572951000000000208e-04,1.730342146684260385e+01,2.089416612079879698e+01,6.180241241235859206e+01
3.602950999999999853e-04,1.758230241945931382e+01,2.105421037423412045e+01,6.136348720630655862e+01
3.632951000000000041e-04,1.790417178427596667e+01,2.150181014584784833e+01,6.059401806987619921e+01
3.662951000000000228e-04,1.825415435575142808e+01,2.205226897711252221e+01,5.969357666713604260e+01
3.692950999999999873e-04,1.879079086933212395e+01,2.175856527604713619e+01,5.945064385462075052e+01
3.722951000000000060e-04,1.887928603457745425e+01,2.240592476983731629e+01,5.871478919558523302e+01
3.752951000000000247e-04,1.937305894280977370e+01,2.255610986279531716e+01,5.807083119439490559e+01
3.782950999999999892e-04,2.013858935587308352e+01,2.216103284389857819e+01,5.770037780022833829e+01
3.812951000000000079e-04,2.090367181133457564e+01,2.214929844648169777e+01,5.694702974218373015e+01
3.842951000000000266e-04,2.118791297878823343e+01,2.232767269079491967e+01,5.648441433041684689e+01
3.872950999999999911e-04,2.172794989281435818e+01,2.180016767717143367e+01,5.647188243001420460e+01
3.902951000000000098e-04,2.257760444139198697e+01,2.179537097653081190e+01,5.562702458207719758e+01
3.932950999999999743e-04,2.278948341243581055e+01,2.268147005445773701e+01,5.452904653310646665e+01
3.962950999999999930e-04,2.324156187126633810e+01,2.240285660767208498e+01,5.435558152106158047e+01
3.992951000000000117e-04,2.345673086652884365e+01,2.258852935427719899e+01,5.395473977919395736e+01
4.022950999999999762e-04,2.400268006177985569e+01,2.282605002619379064e+01,5.317126991202636077e+01
4.052950999999999949e-04,2.465222359995037493e+01,2.266225594675307420e+01,5.268552045329654021e+01
4.082951000000000137e-04,2.497309624900750080e+01,2.312098128103102468e+01,5.190592246996147452e+01
4.112950999999999782e-04,2.560610320804576290e+01,2.285669795148719530e+01,5.153719884046703470e+01
4.142950999999999969e-04,2.639362268188052596e+01,2.230249557026444407e+01,5.130388174785503708e+01
4.172951000000000156e-04,2.681828870631185069e+01,2.236369930667192207e+01,5.081801198701623434e+01
4.202950999999999801e-04,2.716932823149378606e+01,2.246482133576139262e+01,5.036585043274482132e+01
4.232950999999999988e-04,2.759282246628105639e+01,2.246433410956702659e+01,4.994284342415193123e+01
4.262951000000000175e-04,2.775547013690920295e+01,2.233124871541436107e+01,4.991328114767643598e+01
4.292950999999999820e-04,2.815225163039396250e+01,2.207451262068314790e+01,4.977323574892289315e+01
4.322951000000000007e-04,2.847783230471668858e+01,2.255734895498692794e+01,4.896481874029638703e+01
4.352951000000000194e-04,2.909917573012639735e+01,2.216955374543893242e+01,4.873127052443467022e+01
4.382950999999999839e-04,2.937968408181268742e+01,2.239714480188470347e+01,4.822317111630260200e+01
4.412951000000000026e-04,2.997436131279519600e+01,2.285649487228645071e+01,4.716914381491835684e+01
4.442951000000000213e-04,3.046038270912053747e+01,2.269801270239477375e+01,4.684160458848467812e+01
4.472950999999999858e-04,3.110632355919981151e+01,2.242211934205145596e+01,4.647155709874873253e+01
4.502951000000000046e-04,3.159402026737065228e+01,2.301226022099975665e+01,4.539371951162959817e+01
4.532951000000000233e-04,3.188947796371243371e+01,2.351775693938294154e+01,4.459276509690462120e+01
4.562950999999999878e-04,3.261250822100614499e+01,2.258669894085462815e+01,4.480079283813922331e+01
4.592951000000000065e-04,3.298404927504273587e+01,2.276217572046531146e+01,4.425377500449194201e+01
4.622951000000000252e-04,3.336363607602154246e+01,2.264380404669737601e+01,4.399255987728107442e+01
4.652950999999999897e-04,3.351490576582298075e+01,2.263294545757578646e+01,4.385214877660124699e+01
4.682951000000000084e-04,3.383757238581685556e+01,2.294086992877713627e+01,4.322155768540601173e+01
4.712950999999999729e-04,3.411997482186315978e+01,2.327586241668017664e+01,4.260416276145666359e+01
4.742950999999999916e-04,3.469324057632470470e+01,2.406717282992534024e+01,4.123958659374996216e+01
4.772951000000000103e-04,3.511377244948968013e+01,2.334762010211772676e+01,4.153860744839258956e+01
4.802950999999999748e-04,3.548230035138816874e+01,2.354716671774187375e+01,4.097053293086996462e+01
4.832950999999999935e-04,3.572288846392508788e+01,2.329396215989919483e+01,4.098314937617572440e+01
4.862951000000000122e-04,3.610993252213852855e+01,2.340561235102556736e+01,4.048445512683591119e+01
4.892950999999999767e-04,3.655994669480092085e+01,2.359303201971949093e+01,3.984702128547957756e+01
4.922951000000000497e-04,3.694854051061202682e+01,2.444501584120044413e+01,3.860644364818753616e+01
4.952951000000000142e-04,3.744714509644529699e+01,2.444153509121839463e+01,3.811131981233631905e+01
4.982950999999999787e-04,3.775210863111948356e+01,2.412414124669539461e+01,3.812375012218512893e+01
5.012951000000000516e-04,3.792219974746541311e+01,2.460458298250672371e+01,3.747321727002786673e+01
5.042951000000000161e-04,3.828543296926076778e+01,2.453765408329634923e+01,3.717691294744289365e+01
5.072950999999999806e-04,3.870484386563317969e+01,2.409265760156906566e+01,3.720249853279776175e+01
5.102951000000000535e-04,3.882628548831361570e+01,2.492722933070921698e+01,3.624648518097716732e+01
5.132951000000000180e-04,3.924044989792450622e+01,2.443921194970208788e+01,3.632033815237340946e+01
5.162950999999999825e-04,3.959765818213201527e+01,2.461408711623200674e+01,3.578825470163597089e+01
5.192950999999999470e-04,4.000319148979956196e+01,2.466843825719659122e+01,3.532837025300383971e+01
5.222951000000000199e-04,4.031483223529799886e+01,2.522222437125181926e+01,3.446294339345016766e+01
5.252950999999999844e-04,4.082519451313306291e+01,2.468495607266562786e+01,3.448984941420130923e+01
5.282950999999999489e-04,4.135599662446350067e+01,2.468207328036194781e+01,3.396193009517455863e+01
5.312951000000000219e-04,4.155066182446803680e+01,2.471943537036136718e+01,3.372990280517058892e+01
5.342950999999999864e-04,4.207752774465891576e+01,2.440934879721247341e+01,3.351312345812860372e+01
5.372950999999999509e-04,4.248003866583493959e+01,2.418003923342496364e+01,3.333992210074010387e+01
5.402951000000000238e-04,4.278621450344331834e+01,2.444386353717782256e+01,3.276992195937886265e+01
5.432950999999999883e-04,4.286730238081970157e+01,2.477354925398974217e+01,3.235914836519055626e+01
5.462950999999999528e-04,4.329716576176453202e+01,2.481033764650035778e+01,3.189249659173511020e+01
5.492951000000000257e-04,4.357013925692214684e+01,2.516267820696102575e+01,3.126718253611682741e+01
5.522950999999999902e-04,4.385333440592745546e+01,2.477810483715835232e+01,3.136856075691419221e+01
5.552950999999999547e-04,4.408376900398674536e+01,2.477268196903346364e+01,3.114354902697979810e+01
5.582951000000000276e-04,4.450188319902468237e+01,2.470146288288083625e+01,3.079665391809448494e+01
5.612950999999999921e-04,4.468000861867708551e+01,2.497438590527788094e+01,3.034560547604504421e+01
5.642950999999999566e-04,4.503548861068668430e+01,2.526199864768684122e+01,2.970251274162646737e+01
5.672951000000000295e-04,4.562068291983642609e+01,2.528781476128913752e+01,2.909150231887443638e+01
5.702950999999999940e-04,4.596030202957076227e+01,2.516892558276616398e+01,2.887077238766307019e+01
5.732950999999999585e-04,4.623909204898696146e+01,2.542061060978446463e+01,2.834029734122858102e+01
5.762951000000000315e-04,4.675503133603044859e+01,2.514331587744902308e+01,2.810165278652052123e+01
5.792950999999999960e-04,4.691086937731429174e+01,2.548971607510199178e+01,2.759941454758371293e+01
5.822950999999999605e-04,4.741678767758944701e+01,2.538896885869934295e+01,2.719424346371122425e+01
5.852951000000000334e-04,4.770644594077117517e+01,2.532822294859361278e+01,2.696533111063520849e+01
5.882950999999999979e-04,4.821818202277656695e+01,2.535899854687463062e+01,2.642281943034879887e+01
5.912950999999999624e-04,4.823039213371063028e+01,2.541434921131651237e+01,2.635525865497286446e+01
5.942951000000000353e-04,4.852873621254290271e+01,2.551303799887486434e+01,2.595822578858224006e+01
5.972950999999999998e-04,4.894555688150216355e+01,2.512713345861276437e+01,2.592730965988506853e+01
6.002950999999999643e-04,4.937165935468587463e+01,2.503453480175912205e+01,2.559380584355499622e+01
6.032951000000000372e-04,4.980297681001377441e+01,2.546831016327758235e+01,2.472871302670863969e+01
6.062951000000000017e-04,5.033926337556995634e+01,2.509068340892645921e+01,2.457005321550358801e+01
6.092950999999999662e-04,5.070859486429916529e+01,2.476264716761737006e+01,2.452875796808346465e+01
6.122951000000000392e-04,5.116962323593342887e+01,2.438855850774351808e+01,2.444181825632306726e+01
6.152951000000000037e-04,5.093546303451389434e+01,2.465607176332060391e+01,2.440846520216550886e+01
6.182950999999999682e-04,5.127610888691290114e+01,2.459420936684612258e+01,2.412968174624097983e+01
6.212951000000000411e-04,5.158388259281668553e+01,2.469491942382183680e+01,2.372119798336147767e+01
6.242951000000000056e-04,5.174347677110588251e+01,2.456040059808456277e+01,2.369612263080955827e+01
6.272950999999999701e-04,5.182739499554017470e+01,2.507721201601179573e+01,2.309539298844803312e+01
6.302951000000000430e-04,5.209962453568832075e+01,2.494139487516660836e+01,2.295898058914506734e+01
6.332951000000000075e-04,5.246238858761201840e+01,2.481970304576267594e+01,2.271790836662530211e+01
6.362950999999999720e-04,5.305897264336675079e+01,2.408196821504361296e+01,2.285905914158963270e+01
6.392951000000000449e-04,5.313098759750948830e+01,2.446088788546618886e+01,2.240812451702432284e+01
6.422951000000000094e-04,5.370930982621919014e+01,2.413811986249016783e+01,2.215257031129063847e+01
6.452950999999999739e-04,5.375008286290830029e+01,2.431873496525684430e+01,2.193118217183485186e+01
6.482951000000000468e-04,5.411241874049284917e+01,2.427191799945468986e+01,2.161566326005247518e+01
6.512951000000000113e-04,5.416495948452445930e+01,2.485824344153016696e+01,2.097679707394538084e+01
6.542950999999999758e-04,5.430130470265157783e+01,2.500814908238468348e+01,2.069054621496373159e+01
6.572951000000000488e-04,5.455267096105704638e+01,2.484399093917480883e+01,2.060333809976814123e+01
6.602951000000000133e-04,5.482505905376365973e+01,2.463752081902784852e+01,2.053742012720850596e+01
6.632950999999999778e-04,5.513582057975961703e+01,2.470832738470343415e+01,2.015585203553695948e+01
6.662951000000000507e-04,5.537237287557268672e+01,2.492079637982652685e+01,1.970683074460077933e+01
6.692951000000000152e-04,5.528863311122383095e+01,2.512229745459968200e+01,1.958906943417649060e+01
6.722950999999999797e-04,5.551160716014877039e+01,2.489681234555730427e+01,1.959158049429392534e+01
6.752951000000000526e-04,5.566613313068521762e+01,2.484793108299023245e+01,1.948593578632455348e+01
6.782951000000000171e-04,5.603661623066513897e+01,2.472299650407541094e+01,1.924038726525944654e+01
6.812950999999999816e-04,5.627073559327918417e+01,2.429966801521525355e+01,1.942959639150555162e+01
6.842950999999999461e-04,5.648766890759509351e+01,2.443674991481318415e+01,1.907558117759171168e+01
6.872951000000000190e-04,5.678798650559777172e+01,2.422098226651213437e+01,1.899103122789007614e+01
6.902950999999999835e-04,5.734386608007621078e+01,2.360372697349259496e+01,1.905240694643119426e+01
6.932950999999999480e-04,5.768929952928026950e+01,2.326172292632379879e+01,1.904897754439593527e+01
6.962951000000000210e-04,5.798876658819323637e+01,2.303531851918235773e+01,1.897591489262440234e+01
6.992950999999999855e-04,5.832576735836754978e+01,2.297620394489885243e+01,1.869802869673360135e+01
7.022950999999999500e-04,5.866996598638915117e+01,2.263582567982425076e+01,1.869420833378659808e+01
7.052951000000000229e-04,5.855780662732367148e+01,2.307881607924998235e+01,1.836337729342635328e+01
7.082950999999999874e-04,5.855835783796410965e+01,2.301997593933350927e+01,1.842166622270238463e+01
7.112950999999999519e-04,5.894046807420022560e+01,2.290209972586821863e+01,1.815743219993155222e+01
7.142951000000000248e-04,5.896517596519326077e+01,2.315382926650122641e+01,1.788099476830551282e+01
7.172950999999999893e-04,5.844090142159175372e+01,2.345561853170825017e+01,1.810348004669999256e+01
7.202950999999999538e-04,5.879766945964147595e+01,2.304692711517615678e+01,1.815540342518237082e+01
7.232951000000000267e-04,5.912508492153521189e+01,2.282339152018083794e+01,1.805152355828392885e+01
7.262950999999999912e-04,5.943910316788148407e+01,2.328848494697430027e+01,1.727241188514422632e+01
7.292950999999999557e-04,5.957785098340171714e+01,2.301958659203856783e+01,1.740256242455971147e+01
7.322951000000000286e-04,5.915439627150097124e+01,2.336957469266790355e+01,1.747602903583112521e+01
7.352950999999999931e-04,5.942125715600988656e+01,2.294610559782610792e+01,1.763263724616401262e+01
7.382950999999999576e-04,5.970491845976949463e+01,2.290550004305296028e+01,1.738958149717754509e+01
7.412951000000000306e-04,5.985910231554196770e+01,2.293773658172310448e+01,1.720316110273493138e+01
7.442950999999999951e-04,6.027970700081787214e+01,2.256550864700825798e+01,1.715478435217388764e+01
7.472950999999999596e-04,6.042816101707578014e+01,2.215179359273035331e+01,1.742004539019386300e+01
7.502951000000000325e-04,6.056619641198638249e+01,2.231951101777238478e+01,1.711429257024121853e+01
7.532950999999999970e-04,6.077122878415450913e+01,2.229328862196589611e+01,1.693548259387959831e+01
7.562950999999999615e-04,6.093966284511272846e+01,2.228134961753240617e+01,1.677898753735486892e+01
7.592951000000000344e-04,6.112932710484660959e+01,2.218586437203470396e+01,1.668480852311869711e+01
7.622950999999999989e-04,6.161745035665762060e+01,2.204319918484900498e+01,1.633935045849338508e+01
7.652950999999999634e-04,6.154811083459907195e+01,2.220022980338821128e+01,1.625165936201271677e+01
7.682951000000000363e-04,6.167291796435997497e+01,2.199735883473691445e+01,1.632972320090311769e+01
7.712951000000000008e-04,6.200243466530869085e+01,2.186094677469326086e+01,1.613661855999804473e+01
7.742950999999999653e-04,6.216141334944287422e+01,2.167360318813783238e+01,1.616498346241929340e+01
7.772951000000000383e-04,6.258593971669630918e+01,2.143532631832200153e+01,1.597873396498168752e+01
7.802951000000000028e-04,6.289620218485342207e+01,2.088908626369412502e+01,1.621471155145245291e+01
7.832950999999999673e-04,6.292528272716093340e+01,2.103997798456007473e+01,1.603473928827900608e+01
7.862951000000000402e-04,6.330680420428565469e+01,2.076722258787067332e+01,1.592597320784366133e+01
7.892951000000000047e-04,6.354450729202866910e+01,2.054200142271432483e+01,1.591349128525700962e+01
7.922950999999999692e-04,6.387073813200027672e+01,2.057822217060705938e+01,1.555103969739266923e+01
7.952951000000000421e-04,6.398619610554114701e+01,2.038484036550990197e+01,1.562896352894894925e+01
7.982951000000000066e-04,6.421429580785060409e+01,2.033157430267960208e+01,1.545412988946979738e+01
8.012950999999999711e-04,6.434242079959012983e+01,2.037534545941694830e+01,1.528223374099293430e+01
8.042951000000000440e-04,6.452022395919240694e+01,2.022816497360814481e+01,1.525161106719943582e+01
8.072951000000000085e-04,6.474278968335303830e+01,1.995985138795650471e+01,1.529735892869044278e+01
8.102950999999999730e-04,6.499901805495370866e+01,1.999743637189292400e+01,1.500354557315337622e+01
8.132951000000000459e-04,6.510444972312441791e+01,2.012833650271996788e+01,1.476721377415562664e+01
8.162951000000000104e-04,6.535024409076120833e+01,1.989682655216333629e+01,1.475292935707545183e+01
8.192950999999999749e-04,6.541634579080317735e+01,2.005596991652332761e+01,1.452768429267348793e+01
8.222951000000000479e-04,6.576896974261683226e+01,1.999730598262004833e+01,1.423372427476310698e+01
8.252951000000000124e-04,6.597028486794238233e+01,1.996970826986886749e+01,1.406000686218875018e+01
8.282950999999999769e-04,6.626013272037884860e+01,1.969582391232019702e+01,1.404404336730093839e+01
8.312951000000000498e-04,6.632800975478940586e+01,1.966384151413496539e+01,1.400814873107562875e+01
8.342951000000000143e-04,6.656198250210836420e+01,1.951120017733967060e+01,1.392681732055197585e+01
8.372950999999999788e-04,6.702758052011859036e+01,1.939739827624358881e+01,1.357502120363783860e+01
8.402951000000000517e-04,6.709497050403230389e+01,1.916086041096954062e+01,1.374416908499814838e+01
8.432951000000000162e-04,6.740885971551735167e+01,1.909982253752038162e+01,1.349131774696225960e+01
8.462950999999999807e-04,6.748066628674800427e+01,1.932451726651672175e+01,1.319481644673526688e+01
8.492951000000000536e-04,6.783950902571611152e+01,1.913688459120022145e+01,1.302360638308367413e+01
8.522951000000000181e-04,6.800544910578558699e+01,1.883633231170679778e+01,1.315821858250760990e+01
8.552950999999999826e-04,6.845425091043144050e+01,1.868500919476127464e+01,1.286073989480728841e+01
8.582950999999999471e-04,6.840888571038497901e+01,1.888374616778398618e+01,1.270736812183102948e+01
8.612951000000000201e-04,6.869574148721845575e+01,1.874185404724984494e+01,1.256240446553169754e+01
8.642950999999999846e-04,6.894112998343815946e+01,1.859176957873879132e+01,1.246710043782305810e+01
8.672950999999999491e-04,6.930441488026876584e+01,1.810240581445342656e+01,1.259317930527782003e+01
8.702951000000000220e-04,6.954020520275406625e+01,1.819559397795660161e+01,1.226420081928932504e+01
8.732950999999999865e-04,6.967341847817786515e+01,1.815443656683995499e+01,1.217214495498218518e+01
8.762950999999999510e-04,6.953743403581704285e+01,1.841447507626754287e+01,1.204809088791540894e+01
8.792951000000000239e-04,6.958654105537222279e+01,1.840288717778225447e+01,1.201057176684552630e+01
8.822950999999999884e-04,6.979033760058833025e+01,1.839950419949895988e+01,1.181015819991272053e+01
8.852950999999999529e-04,6.991799751557037723e+01,1.832552823506733830e+01,1.175647424936227026e+01
8.882951000000000258e-04,7.017926826804070117e+01,1.819936869311142402e+01,1.162136303884787658e+01
8.912950999999999903e-04,7.041209683968122590e+01,1.796949918464400398e+01,1.161840397567476835e+01
8.942950999999999548e-04,7.082514896387542080e+01,1.763727562043949249e+01,1.153757541568507783e+01
8.972951000000000277e-04,7.091029710614778026e+01,1.755101672895889919e+01,1.153868616489332055e+01
9.002950999999999922e-04,7.122503410599030360e+01,1.719679700672487144e+01,1.157816888728482851e+01
9.032950999999999567e-04,7.113648578211729046e+01,1.742337570765500487e+01,1.144013851022769579e+01
9.062951000000000297e-04,7.128453142058610581e+01,1.727246049154428675e+01,1.144300808786959855e+01
9.092950999999999942e-04,7.138770783261661279e+01,1.732807049731282234e+01,1.128422167007056487e+01
9.122950999999999587e-04,7.173758114373470107e+01,1.698486610107052286e+01,1.127755275519477607e+01
9.152951000000000316e-04,7.180219360684698415e+01,1.703339832433452017e+01,1.116440806881849923e+01
9.182950999999999961e-04,7.184625740823150863e+01,1.700283886673368272e+01,1.115090372503480332e+01
9.212950999999999606e-04,7.186956954283893140e+01,1.712645306836614623e+01,1.100397738879492060e+01
9.242951000000000335e-04,7.197684950226988576e+01,1.702604629162477679e+01,1.099710420610533745e+01
9.272950999999999980e-04,7.206995655320086769e+01,1.690631364408936577e+01,1.102372980270978431e+01
9.302950999999999625e-04,7.195873153423525537e+01,1.724873727438624016e+01,1.079253119137848671e+01
9.332951000000000354e-04,7.215273307742297959e+01,1.695317523286460215e+01,1.089409168971241826e+01
9.362950999999999999e-04,7.226883822088373677e+01,1.677400856872369062e+01,1.095715321039257617e+01
9.392950999999999644e-04,7.237299835135351600e+01,1.674347950898102866e+01,1.088352213966545889e+01
9.422951000000000374e-04,7.251727821685473430e+01,1.667220564419996265e+01,1.081051613894531016e+01
9.452951000000000019e-04,7.278974086586158876e+01,1.657259747920328508e+01,1.063766165493512439e+01
9.482950999999999664e-04,7.289723942830028136e+01,1.639296814456427853e+01,1.070979242713544366e+01
9.512951000000000393e-04,7.267381612036933802e+01,1.683921293737423497e+01,1.048697094225641280e+01
9.542951000000000038e-04,7.306246680985493924e+01,1.651535861077092804e+01,1.042217457937412561e+01
9.572950999999999683e-04,7.312304743926972606e+01,1.658387196652453355e+01,1.029308059420574750e+01
9.602951000000000412e-04,7.296003527390502086e+01,1.643809007577261028e+01,1.060187465032235465e+01
9.632951000000000057e-04,7.323999320679268976e+01,1.637176891237018239e+01,1.038823788083712785e+01
9.662950999999999702e-04,7.312555625449455476e+01,1.637036572424941738e+01,1.050407802125601187e+01
9.692951000000000431e-04,7.333354060366595206e+01,1.628410571294961073e+01,1.038235368338444786e+01
9.722951000000000076e-04,7.352761374695853647e+01,1.623626158312647405e+01,1.023612466991498948e+01
9.752950999999999721e-04,7.368280740080470537e+01,1.616235566093379816e+01,1.015483693826149647e+01
9.782950999999999366e-04,7.379645493100410647e+01,1.612069886242051808e+01,1.008284620657537545e+01
9.812950999999999011e-04,7.381928343717645191e+01,1.610862192853250363e+01,1.007209463429105689e+01
9.842951000000000825e-04,7.392860541392998641e+01,1.598079392098285822e+01,1.009060066508717490e+01
9.872951000000000470e-04,7.374705618849094435e+01,1.616271940371158067e+01,1.009022440779746965e+01
9.902951000000000115e-04,7.374358585495002671e+01,1.610663756154080417e+01,1.014977658350916379e+01
9.932950999999999760e-04,7.385725906701782151e+01,1.618543000605563620e+01,9.957310926926549399e+00
9.962950999999999405e-04,7.394091852006881993e+01,1.601767246265458766e+01,1.004140901727660307e+01
9.992950999999999050e-04,7.402042081399302731e+01,1.590692966908734540e+01,1.007264951691961663e+01
1.002295000000000052e-03,7.409930601613157819e+01,1.585368768779322757e+01,1.004700629607518891e+01
1.005295000000000017e-03,7.427309930678453043e+01,1.557870747586760274e+01,1.014819321734786861e+01
1.008294999999999981e-03,7.453389778566564416e+01,1.530279110183727909e+01,1.016331111249706609e+01
1.011294999999999946e-03,7.454311935571828940e+01,1.534677454545696840e+01,1.011010609882473155e+01
1.014294999999999910e-03,7.460286654907504555e+01,1.526843709670500893e+01,1.012869635421995262e+01
1.017295000000000092e-03,7.443870707673880815e+01,1.551016081741065378e+01,1.005113210585053984e+01
1.020295000000000056e-03,7.450096789964109689e+01,1.557109625988387869e+01,9.927935840475035079e+00
1.023295000000000021e-03,7.470085752130368917e+01,1.548510241031710066e+01,9.814040068379222603e+00
1.026294999999999985e-03,7.489169409533235466e+01,1.538929461635787277e+01,9.719011288309758356e+00
1.029294999999999950e-03,7.504564932761211082e+01,1.542821135818508260e+01,9.526139314202792363e+00
1.032294999999999914e-03,7.500125569367646960e+01,1.571176627988831775e+01,9.286978026435203759e+00
1.035295000000000095e-03,7.540541704191745964e+01,1.519860460263198831e+01,9.395978355450548491e+00
1.038295000000000060e-03,7.550443784488787458e+01,1.503172964142811985e+01,9.463832513684007353e+00
1.041295000000000024e-03,7.551357793636888971e+01,1.520507867153181536e+01,9.281343392099294931e+00
1.044294999999999989e-03,7.551605221928713263e+01,1.527271079848204316e+01,9.211236982230833092e+00
1.047294999999999953e-03,7.561825747333436709e+01,1.519048924483442775e+01,9.191253281831214039e+00
1.050294999999999918e-03,7.564788133258163327e+01,1.517856771300154684e+01,9.173550954416811010e+00
1.053295000000000099e-03,7.589449881503514916e+01,1.509994997569449815e+01,9.005551209270347357e+00
1.056295000000000064e-03,7.609398519438211395e+01,1.504594907708060170e+01,8.860065728537286134e+00
1.059295000000000028e-03,7.623072807682457608e+01,1.505258149574285120e+01,8.716690427432554955e+00
1.062294999999999993e-03,7.624665774908962135e+01,1.502093083463679868e+01,8.732411416273563987e+00
1.065294999999999957e-03,7.644158761419001280e+01,1.499433661486553149e+01,8.564075770944436172e+00
1.068294999999999922e-03,7.647093866197621992e+01,1.499506792507901487e+01,8.533993412944768764e+00
1.071295000000000103e-03,7.659566687386951855e+01,1.493807091324376657e+01,8.466262212886711325e+00
1.074295000000000068e-03,7.673117791624638073e+01,1.471338859451244829e+01,8.555433489241172751e+00
1.077295000000000032e-03,7.680909929263539482e+01,1.462584845763240615e+01,8.565052249732209688e+00
1.080294999999999997e-03,7.692754152153752045e+01,1.441972309987850132e+01,8.652735378583971126e+00
1.083294999999999961e-03,7.703604151827742896e+01,1.434837851078787807e+01,8.615579970934694742e+00
1.086294999999999926e-03,7.710697841553847809e+01,1.417316506860601066e+01,8.719856515855520129e+00
1.089295000000000107e-03,7.722107153317071493e+01,1.411899531274439035e+01,8.659933154084887619e+00
1.092295000000000071e-03,7.725429789629990296e+01,1.404490511221283633e+01,8.700796991487242948e+00
1.095295000000000036e-03,7.727594551866522465e+01,1.404924994526403381e+01,8.674804536070753969e+00
