# Step Strain Stress Density
1 3.000000e-09 5.973464e+02 9.763020e+09 
2 6.600000e-09 1.314163e+03 9.763020e+09 
3 1.092000e-08 2.174340e+03 9.763019e+09 
4 1.610400e-08 3.206555e+03 9.763018e+09 
5 2.232480e-08 4.445201e+03 9.763017e+09 
6 2.978976e-08 5.931569e+03 9.763015e+09 
7 3.874771e-08 7.715188e+03 9.763014e+09 
8 4.949725e-08 9.855536e+03 9.763012e+09 
9 6.239671e-08 1.242392e+04 9.763010e+09 
10 7.787605e-08 1.550597e+04 9.763008e+09 
11 9.645126e-08 1.920443e+04 9.763006e+09 
12 1.187415e-07 2.364262e+04 9.763003e+09 
13 1.454898e-07 2.896833e+04 9.763000e+09 
14 1.775878e-07 3.535938e+04 9.763000e+09 
15 2.161053e-07 4.302866e+04 9.763000e+09 
16 2.623264e-07 5.223170e+04 9.763001e+09 
17 3.177917e-07 6.327525e+04 9.763002e+09 
18 3.843500e-07 7.652725e+04 9.763003e+09 
19 4.642200e-07 9.242955e+04 9.763008e+09 
20 5.600640e-07 1.115120e+05 9.763015e+09 
21 6.750768e-07 1.344103e+05 9.763024e+09 
22 8.130922e-07 1.618876e+05 9.763035e+09 
23 9.787106e-07 1.948590e+05 9.763048e+09 
24 1.177453e-06 2.344230e+05 9.763070e+09 
25 1.415943e-06 2.818973e+05 9.763099e+09 
26 1.702132e-06 3.388629e+05 9.763138e+09 
27 2.045558e-06 4.072163e+05 9.763192e+09 
28 2.457670e-06 4.892325e+05 9.763284e+09 
29 2.952204e-06 5.876409e+05 9.763442e+09 
30 3.545645e-06 7.057155e+05 9.763731e+09 
31 4.257774e-06 8.473828e+05 9.764324e+09 
32 5.112328e-06 1.017352e+06 9.765677e+09 
33 6.137794e-06 1.221267e+06 9.770652e+09 
34 7.368353e-06 1.466031e+06 9.764723e+09 
35 8.845023e-06 1.759647e+06 9.765118e+09 
36 1.061703e-05 2.111888e+06 9.766157e+09 
37 1.274343e-05 2.534758e+06 9.766454e+09 
38 1.529512e-05 3.041860e+06 9.769211e+09 
39 1.835714e-05 3.650826e+06 9.770337e+09 
40 2.203157e-05 4.380904e+06 9.776385e+09 
41 2.644089e-05 5.256818e+06 9.786270e+09 
42 3.173207e-05 6.307796e+06 9.802284e+09 
43 3.808148e-05 7.568575e+06 9.831204e+09 
44 4.570077e-05 9.081715e+06 9.872551e+09 
45 5.484393e-05 1.089789e+07 9.928946e+09 
46 6.581572e-05 1.307657e+07 1.002472e+10 
47 7.898186e-05 1.569104e+07 1.016340e+10 
48 9.478123e-05 1.882774e+07 1.037765e+10 
49 9.952104e-05 1.976742e+07 1.048457e+10 
50 1.042609e-04 2.070738e+07 1.058934e+10 
51 1.099486e-04 2.183582e+07 1.070657e+10 
52 1.167740e-04 2.318946e+07 1.086773e+10 
53 1.249644e-04 2.481402e+07 1.106492e+10 
54 1.347928e-04 2.676315e+07 1.132258e+10 
55 1.465870e-04 2.910112e+07 1.167778e+10 
56 1.607400e-04 3.190409e+07 1.220810e+10 
57 1.628629e-04 3.232378e+07 1.231663e+10 
58 1.649859e-04 3.274339e+07 1.242816e+10 
59 1.675334e-04 3.324676e+07 1.256656e+10 
60 1.705905e-04 3.385056e+07 1.274067e+10 
61 1.742589e-04 3.457481e+07 1.296224e+10 
62 1.786611e-04 3.544347e+07 1.324301e+10 
63 1.839437e-04 3.648515e+07 1.360537e+10 
64 1.902828e-04 3.773340e+07 1.409455e+10 
65 1.978897e-04 3.922834e+07 1.477510e+10 
66 2.070180e-04 4.101660e+07 1.576040e+10 
67 2.083872e-04 4.128367e+07 1.594636e+10 
68 2.097565e-04 4.155070e+07 1.613006e+10 
69 2.113996e-04 4.187091e+07 1.635649e+10 
70 2.133713e-04 4.225481e+07 1.663706e+10 
71 2.157373e-04 4.271485e+07 1.699185e+10 
72 2.185766e-04 4.326583e+07 1.744361e+10 
73 2.202802e-04 4.359571e+07 1.773447e+10 
74 2.219837e-04 4.392518e+07 1.803419e+10 
75 2.240280e-04 4.431986e+07 1.840836e+10 
76 2.264811e-04 4.479241e+07 1.888384e+10 
77 2.279530e-04 4.507522e+07 1.918634e+10 
78 2.294249e-04 4.535748e+07 1.950110e+10 
79 2.303080e-04 4.552657e+07 1.969665e+10 
80 2.311911e-04 4.569548e+07 1.989459e+10 
81 2.322509e-04 4.589790e+07 2.013869e+10 
82 2.335226e-04 4.614041e+07 2.043974e+10 
83 2.350486e-04 4.643075e+07 2.081651e+10 
84 2.368798e-04 4.677833e+07 2.128547e+10 
85 2.379786e-04 4.698627e+07 2.158019e+10 
86 2.390773e-04 4.719386e+07 2.188164e+10 
87 2.403958e-04 4.744233e+07 2.225668e+10 
88 2.419780e-04 4.773970e+07 2.272150e+10 
89 2.429274e-04 4.791760e+07 2.301122e+10 
90 2.438767e-04 4.809510e+07 2.330859e+10 
91 2.450159e-04 4.830765e+07 2.367412e+10 
92 2.463829e-04 4.856197e+07 2.412749e+10 
93 2.480233e-04 4.886599e+07 2.469384e+10 
94 2.499918e-04 4.922903e+07 2.540926e+10 
95 2.523540e-04 4.966193e+07 2.631583e+10 
96 2.537714e-04 4.991985e+07 2.689460e+10 
97 2.544800e-04 5.004819e+07 2.719483e+10 
98 2.548343e-04 5.011221e+07 2.734624e+10 
99 2.551887e-04 5.017621e+07 2.749828e+10 
100 2.556139e-04 5.025292e+07 2.768311e+10 
101 2.561241e-04 5.034485e+07 2.790399e+10 
102 2.567364e-04 5.045488e+07 2.817678e+10 
103 2.574711e-04 5.058661e+07 2.850937e+10 
104 2.583528e-04 5.074420e+07 2.891745e+10 
105 2.594109e-04 5.093251e+07 2.942083e+10 
106 2.606805e-04 5.115739e+07 3.004167e+10 
107 2.614423e-04 5.129164e+07 3.040541e+10 
108 2.622041e-04 5.142546e+07 3.078990e+10 
109 2.631182e-04 5.158539e+07 3.126654e+10 
110 2.642152e-04 5.177649e+07 3.185392e+10 
111 2.655315e-04 5.200429e+07 3.258319e+10 
112 2.659264e-04 5.207226e+07 3.279727e+10 
113 2.663213e-04 5.214007e+07 3.302168e+10 
114 2.667952e-04 5.222131e+07 3.329487e+10 
115 2.673639e-04 5.231854e+07 3.362522e+10 
116 2.680463e-04 5.243482e+07 3.401452e+10 
117 2.688652e-04 5.257363e+07 3.448826e+10 
118 2.698478e-04 5.273938e+07 3.509225e+10 
119 2.710270e-04 5.293694e+07 3.583820e+10 
120 2.717345e-04 5.305463e+07 3.629394e+10 
121 2.724420e-04 5.317173e+07 3.675976e+10 
122 2.732910e-04 5.331163e+07 3.732863e+10 
123 2.743098e-04 5.347831e+07 3.803604e+10 
124 2.755324e-04 5.367676e+07 3.890550e+10 
125 2.769995e-04 5.391249e+07 3.996624e+10 
126 2.778798e-04 5.405257e+07 4.062944e+10 
127 2.787600e-04 5.419169e+07 4.130691e+10 
128 2.798163e-04 5.435725e+07 4.212167e+10 
129 2.810839e-04 5.455382e+07 4.314866e+10 
130 2.826050e-04 5.478666e+07 4.437294e+10 
131 2.835177e-04 5.492462e+07 4.513348e+10 
132 2.839740e-04 5.499302e+07 4.552231e+10 
133 2.844303e-04 5.506121e+07 4.587213e+10 
134 2.849779e-04 5.514265e+07 4.633676e+10 
135 2.856350e-04 5.523978e+07 4.692181e+10 
136 2.864235e-04 5.535533e+07 4.763482e+10 
137 2.873698e-04 5.549256e+07 4.851258e+10 
138 2.885053e-04 5.565512e+07 4.959212e+10 
139 2.898678e-04 5.584718e+07 5.092493e+10 
140 2.906854e-04 5.596073e+07 5.173899e+10 
141 2.910942e-04 5.601702e+07 5.212125e+10 
142 2.915029e-04 5.607301e+07 5.252237e+10 
143 2.919935e-04 5.613990e+07 5.301676e+10 
144 2.922878e-04 5.617977e+07 5.332027e+10 
145 2.925821e-04 5.621951e+07 5.362462e+10 
146 2.929353e-04 5.626701e+07 5.399550e+10 
147 2.933591e-04 5.632372e+07 5.443764e+10 
148 2.938677e-04 5.639127e+07 5.498439e+10 
149 2.944780e-04 5.647170e+07 5.564770e+10 
150 2.952103e-04 5.656732e+07 5.645828e+10 
151 2.960891e-04 5.668050e+07 5.744094e+10 
152 2.971437e-04 5.681408e+07 5.863289e+10 
153 2.974601e-04 5.685367e+07 5.900118e+10 
154 2.977765e-04 5.689314e+07 5.934091e+10 
155 2.981561e-04 5.694034e+07 5.976455e+10 
156 2.986117e-04 5.699656e+07 6.029882e+10 
157 2.988851e-04 5.703001e+07 6.062483e+10 
158 2.991584e-04 5.706339e+07 6.094855e+10 
159 2.994865e-04 5.710324e+07 6.134518e+10 
160 2.998801e-04 5.715081e+07 6.182680e+10 
161 3.003524e-04 5.720752e+07 6.238114e+10 
162 3.006358e-04 5.724126e+07 6.270211e+10 
163 3.007775e-04 5.725806e+07 6.286148e+10 
164 3.009192e-04 5.727482e+07 6.301769e+10 
165 3.010893e-04 5.729489e+07 6.321487e+10 
166 3.012933e-04 5.731887e+07 6.345680e+10 
167 3.015382e-04 5.734760e+07 6.375024e+10 
168 3.018321e-04 5.738192e+07 6.410565e+10 
169 3.021847e-04 5.742286e+07 6.453827e+10 
170 3.026078e-04 5.747161e+07 6.506988e+10 
171 3.031155e-04 5.752958e+07 6.570167e+10 
172 3.037248e-04 5.759829e+07 6.647454e+10 
173 3.044560e-04 5.767956e+07 6.740846e+10 
174 3.048947e-04 5.772761e+07 6.798148e+10 
175 3.053334e-04 5.777524e+07 6.855849e+10 
176 3.058599e-04 5.783176e+07 6.924845e+10 
177 3.064916e-04 5.789872e+07 7.010501e+10 
178 3.072497e-04 5.797770e+07 7.115257e+10 
179 3.081593e-04 5.807048e+07 7.243250e+10 
180 3.092510e-04 5.817905e+07 7.394659e+10 
181 3.095784e-04 5.821084e+07 7.439330e+10 
182 3.099059e-04 5.824234e+07 7.478681e+10 
183 3.102989e-04 5.827990e+07 7.533779e+10 
184 3.107705e-04 5.832447e+07 7.601345e+10 
185 3.113364e-04 5.837720e+07 7.682055e+10 
186 3.116759e-04 5.840832e+07 7.731886e+10 
187 3.120155e-04 5.843923e+07 7.781211e+10 
188 3.124229e-04 5.847591e+07 7.840239e+10 
189 3.129119e-04 5.851937e+07 7.913415e+10 
190 3.134986e-04 5.857058e+07 8.002355e+10 
191 3.142027e-04 5.863071e+07 8.110862e+10 
192 3.150475e-04 5.870105e+07 8.240349e+10 
193 3.153010e-04 5.872162e+07 8.280008e+10 
194 3.155545e-04 5.874208e+07 8.318426e+10 
195 3.158586e-04 5.876651e+07 8.363569e+10 
196 3.162236e-04 5.879553e+07 8.420699e+10 
197 3.166616e-04 5.882998e+07 8.490043e+10 
198 3.171872e-04 5.887061e+07 8.574441e+10 
199 3.178179e-04 5.891842e+07 8.676222e+10 
200 3.185747e-04 5.897432e+07 8.801153e+10 
201 3.190288e-04 5.900703e+07 8.873538e+10 
202 3.194829e-04 5.903918e+07 8.948198e+10 
203 3.200279e-04 5.907700e+07 9.038749e+10 
204 3.206818e-04 5.912139e+07 9.148356e+10 
205 3.214665e-04 5.917309e+07 9.275663e+10 
206 3.219373e-04 5.920319e+07 9.355358e+10 
207 3.224081e-04 5.923266e+07 9.435932e+10 
208 3.229731e-04 5.926712e+07 9.532067e+10 
209 3.236510e-04 5.930735e+07 9.651887e+10 
210 3.244646e-04 5.935409e+07 9.798895e+10 
211 3.249528e-04 5.938115e+07 9.878478e+10 
212 3.251968e-04 5.939432e+07 9.919617e+10 
213 3.254409e-04 5.940733e+07 9.962760e+10 
214 3.257338e-04 5.942277e+07 1.001462e+11 
215 3.260852e-04 5.944098e+07 1.007658e+11 
216 3.265070e-04 5.946230e+07 1.015065e+11 
217 3.270131e-04 5.948727e+07 1.024212e+11 
218 3.273168e-04 5.950177e+07 1.029472e+11 
219 3.274686e-04 5.950886e+07 1.032105e+11 
220 3.276204e-04 5.951591e+07 1.034533e+11 
221 3.278026e-04 5.952430e+07 1.037547e+11 
222 3.280213e-04 5.953433e+07 1.041295e+11 
223 3.282836e-04 5.954620e+07 1.046036e+11 
224 3.285985e-04 5.956019e+07 1.051867e+11 
225 3.289763e-04 5.957654e+07 1.058947e+11 
226 3.294296e-04 5.959572e+07 1.067378e+11 
227 3.299737e-04 5.961770e+07 1.077668e+11 
228 3.306265e-04 5.964288e+07 1.089985e+11 
229 3.314099e-04 5.967111e+07 1.105059e+11 
230 3.318800e-04 5.968707e+07 1.113958e+11 
231 3.323500e-04 5.970243e+07 1.122946e+11 
232 3.326321e-04 5.971127e+07 1.128382e+11 
233 3.329141e-04 5.971992e+07 1.133865e+11 
234 3.332525e-04 5.972999e+07 1.140508e+11 
235 3.336587e-04 5.974160e+07 1.148514e+11 
236 3.339023e-04 5.974832e+07 1.153065e+11 
237 3.341460e-04 5.975488e+07 1.157705e+11 
238 3.344384e-04 5.976246e+07 1.163568e+11 
239 3.347893e-04 5.977115e+07 1.170438e+11 
240 3.352104e-04 5.978103e+07 1.178955e+11 
241 3.354630e-04 5.978653e+07 1.183991e+11 
242 3.357157e-04 5.979191e+07 1.188727e+11 
243 3.360188e-04 5.979813e+07 1.194628e+11 
244 3.363826e-04 5.980518e+07 1.201649e+11 
245 3.366009e-04 5.980918e+07 1.205611e+11 
246 3.368192e-04 5.981299e+07 1.209780e+11 
247 3.370811e-04 5.981747e+07 1.215097e+11 
248 3.373955e-04 5.982269e+07 1.221214e+11 
249 3.377727e-04 5.982858e+07 1.228565e+11 
250 3.379990e-04 5.983176e+07 1.233104e+11 
251 3.382253e-04 5.983470e+07 1.237317e+11 
252 3.384969e-04 5.983814e+07 1.242565e+11 
253 3.388228e-04 5.984206e+07 1.249122e+11 
254 3.392138e-04 5.984626e+07 1.257231e+11 
255 3.396831e-04 5.985065e+07 1.266881e+11 
256 3.402463e-04 5.985518e+07 1.278975e+11 
257 3.405841e-04 5.985742e+07 1.285661e+11 
258 3.407531e-04 5.985833e+07 1.289218e+11 
259 3.409220e-04 5.985926e+07 1.292785e+11 
260 3.411248e-04 5.986032e+07 1.297029e+11 
261 3.413680e-04 5.986145e+07 1.302290e+11 
262 3.416600e-04 5.986262e+07 1.308682e+11 
263 3.420103e-04 5.986370e+07 1.316399e+11 
264 3.424307e-04 5.986473e+07 1.325614e+11 
265 3.426829e-04 5.986500e+07 1.330967e+11 
266 3.429351e-04 5.986512e+07 1.336422e+11 
267 3.432378e-04 5.986502e+07 1.342857e+11 
268 3.436010e-04 5.986460e+07 1.350694e+11 
269 3.440369e-04 5.986369e+07 1.360002e+11 
270 3.442984e-04 5.986274e+07 1.365313e+11 
271 3.444292e-04 5.986217e+07 1.368161e+11 
272 3.445599e-04 5.986158e+07 1.371029e+11 
273 3.447168e-04 5.986088e+07 1.374399e+11 
274 3.449051e-04 5.985990e+07 1.378436e+11 
275 3.451311e-04 5.985857e+07 1.383112e+11 
276 3.454022e-04 5.985685e+07 1.389004e+11 
277 3.457276e-04 5.985463e+07 1.396175e+11 
278 3.461180e-04 5.985161e+07 1.403803e+11 
279 3.465865e-04 5.984739e+07 1.413873e+11 
280 3.471487e-04 5.984151e+07 1.426385e+11 
281 3.474861e-04 5.983744e+07 1.433257e+11 
282 3.476548e-04 5.983514e+07 1.436900e+11 
283 3.478234e-04 5.983277e+07 1.440784e+11 
284 3.480258e-04 5.982995e+07 1.445214e+11 
285 3.482687e-04 5.982652e+07 1.450679e+11 
286 3.485602e-04 5.982222e+07 1.457091e+11 
287 3.489099e-04 5.981684e+07 1.465358e+11 
288 3.493296e-04 5.980988e+07 1.474834e+11 
289 3.498333e-04 5.980082e+07 1.486651e+11 
290 3.499088e-04 5.979932e+07 1.488021e+11 
291 3.499844e-04 5.979780e+07 1.489269e+11 
292 3.500750e-04 5.979602e+07 1.490867e+11 
293 3.501838e-04 5.979387e+07 1.493003e+11 
294 3.503143e-04 5.979130e+07 1.495836e+11 
295 3.504710e-04 5.978813e+07 1.499227e+11 
296 3.506590e-04 5.978426e+07 1.503408e+11 
297 3.508846e-04 5.977945e+07 1.508330e+11 
298 3.511553e-04 5.977339e+07 1.514511e+11 
299 3.514801e-04 5.976596e+07 1.521974e+11 
300 3.518699e-04 5.975652e+07 1.531233e+11 
301 3.523377e-04 5.974465e+07 1.542272e+11 
302 3.526183e-04 5.973701e+07 1.548646e+11 
303 3.528990e-04 5.972935e+07 1.555284e+11 
304 3.532358e-04 5.971995e+07 1.563233e+11 
305 3.536399e-04 5.970838e+07 1.572682e+11 
306 3.538824e-04 5.970115e+07 1.578159e+11 
307 3.541249e-04 5.969371e+07 1.583935e+11 
308 3.544159e-04 5.968467e+07 1.591023e+11 
309 3.547650e-04 5.967356e+07 1.599386e+11 
310 3.551841e-04 5.965963e+07 1.609771e+11 
311 3.554355e-04 5.965082e+07 1.615847e+11 
312 3.556869e-04 5.964191e+07 1.621439e+11 
313 3.559886e-04 5.963099e+07 1.628679e+11 
314 3.563506e-04 5.961761e+07 1.637148e+11 
315 3.564592e-04 5.961342e+07 1.639716e+11 
316 3.565678e-04 5.960922e+07 1.639766e+11 
317 3.566982e-04 5.960413e+07 1.642776e+11 
318 3.568546e-04 5.959812e+07 1.646653e+11 
319 3.570422e-04 5.959076e+07 1.651050e+11 
320 3.572675e-04 5.958178e+07 1.656624e+11 
321 3.575377e-04 5.957086e+07 1.663299e+11 
322 3.576999e-04 5.956420e+07 1.667120e+11 
323 3.578620e-04 5.955738e+07 1.670914e+11 
324 3.580566e-04 5.954920e+07 1.675631e+11 
325 3.582901e-04 5.953927e+07 1.681191e+11 
326 3.585703e-04 5.952713e+07 1.688400e+11 
327 3.589065e-04 5.951245e+07 1.696504e+11 
328 3.591083e-04 5.950350e+07 1.701372e+11 
329 3.593100e-04 5.949447e+07 1.706403e+11 
330 3.595521e-04 5.948351e+07 1.712589e+11 
331 3.596974e-04 5.947687e+07 1.716008e+11 
332 3.598426e-04 5.947015e+07 1.719422e+11 
333 3.600170e-04 5.946205e+07 1.723847e+11 
334 3.602261e-04 5.945227e+07 1.729304e+11 
335 3.604771e-04 5.944042e+07 1.735914e+11 
336 3.607783e-04 5.942609e+07 1.743478e+11 
337 3.609591e-04 5.941735e+07 1.747191e+11 
338 3.611398e-04 5.940852e+07 1.751418e+11 
339 3.613566e-04 5.939779e+07 1.756706e+11 
340 3.616169e-04 5.938482e+07 1.763467e+11 
341 3.619292e-04 5.936889e+07 1.771426e+11 
342 3.623039e-04 5.934940e+07 1.781555e+11 
343 3.625288e-04 5.933745e+07 1.787201e+11 
344 3.627536e-04 5.932540e+07 1.792507e+11 
345 3.630234e-04 5.931084e+07 1.799566e+11 
346 3.633472e-04 5.929324e+07 1.807335e+11 
347 3.635415e-04 5.928255e+07 1.812072e+11 
348 3.637357e-04 5.927182e+07 1.816683e+11 
349 3.639689e-04 5.925880e+07 1.822619e+11 
350 3.642486e-04 5.924306e+07 1.829796e+11 
351 3.645843e-04 5.922395e+07 1.838003e+11 
352 3.647857e-04 5.921231e+07 1.843082e+11 
353 3.649871e-04 5.920053e+07 1.848567e+11 
354 3.651080e-04 5.919341e+07 1.851506e+11 
355 3.652288e-04 5.918620e+07 1.854515e+11 
356 3.653739e-04 5.917761e+07 1.857726e+11 
357 3.655479e-04 5.916727e+07 1.861683e+11 
358 3.657567e-04 5.915474e+07 1.866751e+11 
359 3.660073e-04 5.913967e+07 1.873425e+11 
360 3.663080e-04 5.912145e+07 1.881585e+11 
361 3.666689e-04 5.909922e+07 1.891511e+11 
362 3.668854e-04 5.908553e+07 1.896691e+11 
363 3.671019e-04 5.907173e+07 1.902441e+11 
364 3.673617e-04 5.905520e+07 1.908671e+11 
365 3.676735e-04 5.903514e+07 1.916683e+11 
366 3.678606e-04 5.902293e+07 1.921151e+11 
367 3.680476e-04 5.901069e+07 1.925764e+11 
368 3.682721e-04 5.899604e+07 1.931782e+11 
369 3.685415e-04 5.897825e+07 1.939256e+11 
370 3.688648e-04 5.895685e+07 1.948030e+11 
371 3.692527e-04 5.893095e+07 1.958849e+11 
372 3.694854e-04 5.891506e+07 1.965197e+11 
373 3.697182e-04 5.889910e+07 1.971420e+11 
374 3.699974e-04 5.887986e+07 1.979206e+11 
375 3.703326e-04 5.885639e+07 1.988412e+11 
376 3.707348e-04 5.882797e+07 1.999739e+11 
377 3.709761e-04 5.881062e+07 2.006563e+11 
378 3.712174e-04 5.879310e+07 2.013315e+11 
379 3.715070e-04 5.877200e+07 2.021584e+11 
380 3.718544e-04 5.874659e+07 2.032271e+11 
381 3.722714e-04 5.871569e+07 2.044813e+11 
382 3.725216e-04 5.869694e+07 2.051936e+11 
383 3.727718e-04 5.867803e+07 2.059023e+11 
384 3.730720e-04 5.865534e+07 2.067390e+11 
385 3.734323e-04 5.862783e+07 2.078326e+11 
386 3.738646e-04 5.859443e+07 2.091657e+11 
387 3.739943e-04 5.858416e+07 2.095262e+11 
388 3.741240e-04 5.857388e+07 2.098965e+11 
389 3.742797e-04 5.856162e+07 2.103411e+11 
390 3.744664e-04 5.854690e+07 2.108942e+11 
391 3.746905e-04 5.852929e+07 2.115690e+11 
392 3.749595e-04 5.850793e+07 2.123520e+11 
393 3.752822e-04 5.848194e+07 2.133402e+11 
394 3.756695e-04 5.845032e+07 2.145026e+11 
395 3.759018e-04 5.843110e+07 2.151115e+11 
396 3.761342e-04 5.841169e+07 2.157759e+11 
397 3.764130e-04 5.838836e+07 2.166127e+11 
398 3.767477e-04 5.836033e+07 2.176689e+11 
399 3.771492e-04 5.832638e+07 2.189404e+11 
400 3.773901e-04 5.830575e+07 2.196523e+11 
401 3.776310e-04 5.828503e+07 2.203206e+11 
402 3.779201e-04 5.826002e+07 2.212056e+11 
403 3.782670e-04 5.822990e+07 2.222066e+11 
404 3.784752e-04 5.821162e+07 2.228216e+11 
405 3.786833e-04 5.819316e+07 2.234226e+11 
406 3.789331e-04 5.817095e+07 2.242111e+11 
407 3.792328e-04 5.814410e+07 2.251145e+11 
408 3.795925e-04 5.811163e+07 2.262838e+11 
409 3.798083e-04 5.809186e+07 2.269290e+11 
410 3.800242e-04 5.807197e+07 2.275649e+11 
411 3.802831e-04 5.804805e+07 2.283850e+11 
412 3.805939e-04 5.801918e+07 2.293425e+11 
413 3.809668e-04 5.798427e+07 2.305315e+11 
414 3.814143e-04 5.794214e+07 2.319812e+11 
415 3.816828e-04 5.791650e+07 2.327923e+11 
416 3.819513e-04 5.789065e+07 2.336304e+11 
417 3.822735e-04 5.785956e+07 2.346116e+11 
418 3.824669e-04 5.784077e+07 2.351434e+11 
419 3.826602e-04 5.782179e+07 2.356751e+11 
420 3.827762e-04 5.781044e+07 2.360005e+11 
421 3.828922e-04 5.779904e+07 2.363418e+11 
422 3.830314e-04 5.778540e+07 2.367583e+11 
423 3.831984e-04 5.776910e+07 2.372113e+11 
424 3.833988e-04 5.774950e+07 2.378241e+11 
425 3.836394e-04 5.772583e+07 2.385975e+11 
426 3.839280e-04 5.769744e+07 2.395373e+11 
427 3.841012e-04 5.768030e+07 2.400810e+11 
428 3.842743e-04 5.766312e+07 2.404715e+11 
429 3.844822e-04 5.764234e+07 2.411122e+11 
430 3.847315e-04 5.761753e+07 2.418943e+11 
431 3.850308e-04 5.758764e+07 2.428986e+11 
432 3.853899e-04 5.755151e+07 2.440588e+11 
433 3.858208e-04 5.750780e+07 2.455576e+11 
434 3.860794e-04 5.748138e+07 2.463326e+11 
435 3.862086e-04 5.746806e+07 2.466479e+11 
436 3.863379e-04 5.745463e+07 2.470162e+11 
437 3.864930e-04 5.743857e+07 2.475203e+11 
438 3.866792e-04 5.741940e+07 2.480651e+11 
439 3.869026e-04 5.739645e+07 2.487494e+11 
440 3.871707e-04 5.736866e+07 2.496106e+11 
441 3.873315e-04 5.735193e+07 2.500965e+11 
442 3.874923e-04 5.733513e+07 2.505966e+11 
443 3.876853e-04 5.731498e+07 2.512193e+11 
444 3.879170e-04 5.729076e+07 2.519967e+11 
445 3.880559e-04 5.727610e+07 2.524095e+11 
446 3.881949e-04 5.726133e+07 2.528566e+11 
447 3.883616e-04 5.724366e+07 2.533755e+11 
448 3.885618e-04 5.722242e+07 2.539932e+11 
449 3.888019e-04 5.719682e+07 2.547336e+11 
450 3.889460e-04 5.718137e+07 2.551795e+11 
451 3.890900e-04 5.716589e+07 2.556514e+11 
452 3.892629e-04 5.714729e+07 2.561853e+11 
453 3.894704e-04 5.712490e+07 2.568391e+11 
454 3.897194e-04 5.709791e+07 2.576811e+11 
455 3.900182e-04 5.706542e+07 2.586918e+11 
456 3.903767e-04 5.702626e+07 2.599242e+11 
457 3.908069e-04 5.697894e+07 2.613131e+11 
458 3.913232e-04 5.692154e+07 2.630880e+11 
459 3.916329e-04 5.688668e+07 2.640108e+11 
460 3.919427e-04 5.685152e+07 2.650272e+11 
461 3.923144e-04 5.680939e+07 2.662873e+11 
462 3.925374e-04 5.678396e+07 2.670273e+11 
463 3.927604e-04 5.675849e+07 2.677610e+11 
464 3.930281e-04 5.672784e+07 2.686901e+11 
465 3.933492e-04 5.669105e+07 2.698504e+11 
466 3.937346e-04 5.664661e+07 2.712543e+11 
467 3.939659e-04 5.661950e+07 2.720122e+11 
468 3.941971e-04 5.659240e+07 2.727856e+11 
469 3.944746e-04 5.655978e+07 2.735796e+11 
470 3.948075e-04 5.652031e+07 2.747295e+11 
471 3.950073e-04 5.649638e+07 2.753982e+11 
472 3.952071e-04 5.647241e+07 2.760636e+11 
473 3.954469e-04 5.644352e+07 2.769108e+11 
474 3.957346e-04 5.640886e+07 2.779370e+11 
475 3.960798e-04 5.636711e+07 2.791444e+11 
476 3.964941e-04 5.631658e+07 2.806117e+11 
477 3.967426e-04 5.628595e+07 2.814782e+11 
478 3.968669e-04 5.627064e+07 2.818337e+11 
479 3.969912e-04 5.625523e+07 2.821949e+11 
480 3.971403e-04 5.623675e+07 2.826817e+11 
481 3.972298e-04 5.622564e+07 2.829798e+11 
482 3.973193e-04 5.621452e+07 2.832792e+11 
483 3.974267e-04 5.620119e+07 2.836403e+11 
484 3.975555e-04 5.618525e+07 2.840603e+11 
485 3.977102e-04 5.616606e+07 2.846155e+11 
486 3.978957e-04 5.614291e+07 2.852952e+11 
487 3.981184e-04 5.611504e+07 2.860830e+11 
488 3.983856e-04 5.608143e+07 2.870474e+11 
489 3.987062e-04 5.604092e+07 2.881877e+11 
490 3.990910e-04 5.599220e+07 2.895468e+11 
491 3.993218e-04 5.596261e+07 2.902963e+11 
492 3.995527e-04 5.593302e+07 2.910778e+11 
493 3.996912e-04 5.591520e+07 2.915051e+11 
494 3.998297e-04 5.589738e+07 2.919111e+11 
495 3.999959e-04 5.587602e+07 2.924455e+11 
496 4.001954e-04 5.585036e+07 2.930772e+11 
497 4.004348e-04 5.581973e+07 2.938438e+11 
498 4.007220e-04 5.578286e+07 2.948335e+11 
499 4.008943e-04 5.576062e+07 2.954028e+11 
500 4.010666e-04 5.573835e+07 2.959609e+11 
501 4.012734e-04 5.571168e+07 2.966962e+11 
502 4.015216e-04 5.567954e+07 2.975423e+11 
503 4.016705e-04 5.566007e+07 2.980713e+11 
504 4.018194e-04 5.564060e+07 2.985676e+11 
505 4.019087e-04 5.562894e+07 2.988599e+11 
506 4.019981e-04 5.561720e+07 2.991421e+11 
507 4.021053e-04 5.560317e+07 2.994608e+11 
508 4.022339e-04 5.558631e+07 2.998996e+11 
509 4.023883e-04 5.556615e+07 3.004332e+11 
510 4.025736e-04 5.554197e+07 3.010925e+11 
511 4.027959e-04 5.551284e+07 3.019521e+11 
512 4.030626e-04 5.547790e+07 3.029028e+11 
513 4.033827e-04 5.543571e+07 3.040913e+11 
514 4.037669e-04 5.538496e+07 3.055059e+11 
515 4.039974e-04 5.535426e+07 3.062477e+11 
516 4.042278e-04 5.532355e+07 3.069594e+11 
517 4.045044e-04 5.528660e+07 3.079505e+11 
518 4.048363e-04 5.524232e+07 3.091443e+11 
519 4.052346e-04 5.518913e+07 3.106834e+11 
520 4.057125e-04 5.512504e+07 3.125123e+11 
521 4.058559e-04 5.510556e+07 3.129017e+11 
522 4.059993e-04 5.508598e+07 3.132369e+11 
523 4.061713e-04 5.506256e+07 3.137936e+11 
524 4.063778e-04 5.503462e+07 3.144955e+11 
525 4.066256e-04 5.500094e+07 3.152940e+11 
526 4.069229e-04 5.496057e+07 3.163763e+11 
527 4.072796e-04 5.491210e+07 3.176662e+11 
528 4.074937e-04 5.488276e+07 3.184215e+11 
529 4.077078e-04 5.485342e+07 3.191594e+11 
530 4.079646e-04 5.481824e+07 3.200864e+11 
531 4.082729e-04 5.477605e+07 3.212100e+11 
532 4.086428e-04 5.472524e+07 3.225785e+11 
533 4.088647e-04 5.469441e+07 3.233268e+11 
534 4.090867e-04 5.466346e+07 3.241027e+11 
535 4.093530e-04 5.462654e+07 3.250120e+11 
536 4.096726e-04 5.458221e+07 3.261887e+11 
537 4.100561e-04 5.452911e+07 3.275288e+11 
538 4.102862e-04 5.449699e+07 3.282824e+11 
539 4.104013e-04 5.448073e+07 3.286205e+11 
540 4.105163e-04 5.446455e+07 3.290252e+11 
541 4.106544e-04 5.444515e+07 3.295057e+11 
542 4.108201e-04 5.442197e+07 3.301013e+11 
543 4.110189e-04 5.439429e+07 3.308046e+11 
544 4.112575e-04 5.436112e+07 3.316844e+11 
545 4.115438e-04 5.432118e+07 3.327696e+11 
546 4.117155e-04 5.429708e+07 3.333871e+11 
547 4.118873e-04 5.427300e+07 3.340181e+11 
548 4.120934e-04 5.424427e+07 3.347107e+11 
549 4.123408e-04 5.420977e+07 3.356160e+11 
550 4.124892e-04 5.418898e+07 3.361163e+11 
551 4.126376e-04 5.416822e+07 3.366236e+11 
552 4.128157e-04 5.414345e+07 3.372546e+11 
553 4.130294e-04 5.411378e+07 3.380765e+11 
554 4.132859e-04 5.407805e+07 3.389027e+11 
555 4.135936e-04 5.403527e+07 3.400560e+11 
556 4.137783e-04 5.400943e+07 3.406373e+11 
557 4.139629e-04 5.398345e+07 3.413026e+11 
558 4.141845e-04 5.395236e+07 3.420519e+11 
559 4.143175e-04 5.393363e+07 3.424053e+11 
560 4.144504e-04 5.391484e+07 3.428260e+11 
561 4.146100e-04 5.389221e+07 3.433572e+11 
562 4.147057e-04 5.387862e+07 3.436896e+11 
563 4.148014e-04 5.386508e+07 3.440048e+11 
564 4.149163e-04 5.384872e+07 3.443960e+11 
565 4.150541e-04 5.382916e+07 3.448978e+11 
566 4.152195e-04 5.380577e+07 3.454987e+11 
567 4.154180e-04 5.377763e+07 3.462050e+11 
568 4.156562e-04 5.374379e+07 3.471269e+11 
569 4.159420e-04 5.370329e+07 3.481878e+11 
570 4.162850e-04 5.365440e+07 3.495511e+11 
571 4.166966e-04 5.359578e+07 3.511476e+11 
572 4.171905e-04 5.352542e+07 3.530740e+11 
573 4.173387e-04 5.350397e+07 3.535170e+11 
574 4.174869e-04 5.348261e+07 3.539752e+11 
575 4.176647e-04 5.345695e+07 3.545465e+11 
576 4.178780e-04 5.342634e+07 3.553438e+11 
577 4.181341e-04 5.338965e+07 3.563598e+11 
578 4.184413e-04 5.334562e+07 3.575572e+11 
579 4.188100e-04 5.329287e+07 3.589098e+11 
580 4.190313e-04 5.326077e+07 3.596397e+11 
581 4.192525e-04 5.322860e+07 3.603943e+11 
582 4.195179e-04 5.319003e+07 3.613058e+11 
583 4.198365e-04 5.314377e+07 3.624239e+11 
584 4.200276e-04 5.311587e+07 3.629930e+11 
585 4.202188e-04 5.308791e+07 3.636157e+11 
586 4.204481e-04 5.305442e+07 3.644325e+11 
587 4.207234e-04 5.301446e+07 3.654907e+11 
588 4.210536e-04 5.296632e+07 3.667883e+11 
589 4.214500e-04 5.290864e+07 3.682790e+11 
590 4.216878e-04 5.287377e+07 3.690489e+11 
591 4.219256e-04 5.283879e+07 3.698963e+11 
592 4.222109e-04 5.279707e+07 3.709615e+11 
593 4.225534e-04 5.274682e+07 3.722287e+11 
594 4.229643e-04 5.268632e+07 3.738026e+11 
595 4.232108e-04 5.264976e+07 3.745446e+11 
596 4.234574e-04 5.261308e+07 3.754072e+11 
597 4.237533e-04 5.256910e+07 3.764938e+11 
598 4.241083e-04 5.251637e+07 3.776799e+11 
599 4.245343e-04 5.245317e+07 3.791360e+11 
600 4.247900e-04 5.241507e+07 3.799186e+11 
601 4.250456e-04 5.237686e+07 3.807432e+11 
602 4.251990e-04 5.235385e+07 3.812622e+11 
603 4.253523e-04 5.233083e+07 3.817854e+11 
604 4.255364e-04 5.230326e+07 3.824661e+11 
605 4.257573e-04 5.227021e+07 3.833055e+11 
606 4.260223e-04 5.223058e+07 3.843275e+11 
607 4.263403e-04 5.218312e+07 3.855956e+11 
608 4.267220e-04 5.212603e+07 3.870209e+11 
609 4.269510e-04 5.209154e+07 3.878860e+11 
610 4.271800e-04 5.205698e+07 3.887300e+11 
611 4.274547e-04 5.201575e+07 3.897426e+11 
612 4.277845e-04 5.196655e+07 3.910175e+11 
613 4.281802e-04 5.190727e+07 3.925169e+11 
614 4.284176e-04 5.187151e+07 3.933655e+11 
615 4.286550e-04 5.183557e+07 3.941822e+11 
616 4.287975e-04 5.181388e+07 3.946180e+11 
617 4.289399e-04 5.179226e+07 3.951159e+11 
618 4.291108e-04 5.176640e+07 3.957054e+11 
619 4.293160e-04 5.173528e+07 3.964908e+11 
620 4.295621e-04 5.169803e+07 3.974270e+11 
621 4.298575e-04 5.165334e+07 3.984888e+11 
622 4.300347e-04 5.162634e+07 3.990416e+11 
623 4.302120e-04 5.159929e+07 3.996726e+11 
624 4.304246e-04 5.156700e+07 4.005153e+11 
625 4.306798e-04 5.152821e+07 4.014572e+11 
626 4.309861e-04 5.148155e+07 4.026065e+11 
627 4.313536e-04 5.142542e+07 4.040776e+11 
628 4.317946e-04 5.135797e+07 4.058894e+11 
629 4.320592e-04 5.131721e+07 4.068664e+11 
630 4.323238e-04 5.127652e+07 4.077984e+11 
631 4.326413e-04 5.122787e+07 4.089299e+11 
632 4.328318e-04 5.119849e+07 4.095787e+11 
633 4.330224e-04 5.116910e+07 4.103111e+11 
634 4.332510e-04 5.113408e+07 4.111833e+11 
635 4.335253e-04 5.109214e+07 4.122899e+11 
636 4.338545e-04 5.104203e+07 4.136157e+11 
637 4.342496e-04 5.098175e+07 4.150794e+11 
638 4.343681e-04 5.096353e+07 4.154082e+11 
639 4.344866e-04 5.094506e+07 4.157889e+11 
640 4.346288e-04 5.092318e+07 4.162735e+11 
641 4.347995e-04 5.089706e+07 4.168461e+11 
642 4.350043e-04 5.086579e+07 4.176856e+11 
643 4.352500e-04 5.082827e+07 4.186333e+11 
644 4.355449e-04 5.078337e+07 4.196751e+11 
645 4.357219e-04 5.075639e+07 4.202548e+11 
646 4.358988e-04 5.072935e+07 4.208933e+11 
647 4.361111e-04 5.069700e+07 4.217220e+11 
648 4.362385e-04 5.067760e+07 4.221950e+11 
649 4.363659e-04 5.065809e+07 4.226388e+11 
650 4.365188e-04 5.063476e+07 4.231979e+11 
651 4.367023e-04 5.060690e+07 4.239485e+11 
652 4.369224e-04 5.057369e+07 4.248215e+11 
653 4.371866e-04 5.053392e+07 4.258822e+11 
654 4.373451e-04 5.051001e+07 4.264512e+11 
655 4.375036e-04 5.048608e+07 4.269563e+11 
656 4.376938e-04 5.045740e+07 4.275807e+11 
657 4.379220e-04 5.042298e+07 4.284263e+11 
658 4.381959e-04 5.038196e+07 4.294868e+11 
659 4.385246e-04 5.033273e+07 4.307879e+11 
660 4.389190e-04 5.027384e+07 4.323871e+11 
661 4.391557e-04 5.023836e+07 4.331990e+11 
662 4.393923e-04 5.020281e+07 4.340435e+11 
663 4.396763e-04 5.016027e+07 4.350514e+11 
664 4.398467e-04 5.013475e+07 4.356210e+11 
665 4.400170e-04 5.010914e+07 4.362320e+11 
666 4.401193e-04 5.009383e+07 4.365894e+11 
667 4.402215e-04 5.007860e+07 4.369439e+11 
668 4.403442e-04 5.006034e+07 4.373817e+11 
669 4.404914e-04 5.003845e+07 4.379109e+11 
670 4.406680e-04 5.001231e+07 4.385254e+11 
671 4.408800e-04 4.998095e+07 4.393791e+11 
672 4.411344e-04 4.994350e+07 4.404165e+11 
673 4.412870e-04 4.992106e+07 4.409624e+11 
674 4.414397e-04 4.989854e+07 4.415357e+11 
675 4.416228e-04 4.987152e+07 4.422241e+11 
676 4.418426e-04 4.983911e+07 4.430658e+11 
677 4.421064e-04 4.980040e+07 4.440699e+11 
678 4.422646e-04 4.977715e+07 4.446662e+11 
679 4.424228e-04 4.975373e+07 4.452290e+11 
680 4.426127e-04 4.972592e+07 4.458919e+11 
681 4.428406e-04 4.969258e+07 4.467951e+11 
682 4.431141e-04 4.965293e+07 4.479021e+11 
683 4.434422e-04 4.960542e+07 4.491849e+11 
684 4.436391e-04 4.957674e+07 4.499079e+11 
685 4.438360e-04 4.954803e+07 4.506775e+11 
686 4.440722e-04 4.951374e+07 4.515286e+11 
687 4.443557e-04 4.947275e+07 4.527045e+11 
688 4.446960e-04 4.942377e+07 4.539459e+11 
689 4.451042e-04 4.936505e+07 4.555712e+11 
690 4.453492e-04 4.932981e+07 4.564510e+11 
691 4.454104e-04 4.932081e+07 4.565429e+11 
692 4.454716e-04 4.931184e+07 4.566962e+11 
693 4.455451e-04 4.930115e+07 4.569219e+11 
694 4.456333e-04 4.928823e+07 4.571490e+11 
695 4.457391e-04 4.927281e+07 4.575388e+11 
696 4.458661e-04 4.925450e+07 4.580083e+11 
697 4.460185e-04 4.923257e+07 4.585908e+11 
698 4.462014e-04 4.920649e+07 4.593386e+11 
699 4.464208e-04 4.917535e+07 4.602021e+11 
700 4.465524e-04 4.915662e+07 4.606304e+11 
701 4.466841e-04 4.913801e+07 4.610794e+11 
702 4.468421e-04 4.911572e+07 4.615767e+11 
703 4.470317e-04 4.908886e+07 4.622632e+11 
704 4.472592e-04 4.905678e+07 4.631636e+11 
705 4.475322e-04 4.901830e+07 4.642757e+11 
706 4.478598e-04 4.897209e+07 4.656284e+11 
707 4.480564e-04 4.894412e+07 4.663338e+11 
708 4.482529e-04 4.891633e+07 4.671086e+11 
709 4.484888e-04 4.888309e+07 4.680315e+11 
710 4.487718e-04 4.884326e+07 4.690662e+11 
711 4.491115e-04 4.879555e+07 4.703434e+11 
712 4.495191e-04 4.873829e+07 4.720001e+11 
713 4.497637e-04 4.870381e+07 4.728700e+11 
714 4.500082e-04 4.866942e+07 4.737514e+11 
715 4.503017e-04 4.862822e+07 4.747691e+11 
716 4.506538e-04 4.857919e+07 4.760410e+11 
717 4.508651e-04 4.854978e+07 4.767921e+11 
718 4.510764e-04 4.852034e+07 4.775691e+11 
719 4.513300e-04 4.848544e+07 4.785123e+11 
720 4.514821e-04 4.846457e+07 4.789728e+11 
721 4.516342e-04 4.844352e+07 4.794764e+11 
722 4.518168e-04 4.841825e+07 4.801615e+11 
723 4.519263e-04 4.840332e+07 4.805644e+11 
724 4.520359e-04 4.838834e+07 4.809445e+11 
725 4.521016e-04 4.837935e+07 4.811760e+11 
726 4.521673e-04 4.837021e+07 4.814036e+11 
727 4.522462e-04 4.835947e+07 4.816924e+11 
728 4.523408e-04 4.834657e+07 4.820488e+11 
729 4.524544e-04 4.833112e+07 4.824792e+11 
730 4.525907e-04 4.831260e+07 4.830041e+11 
731 4.527542e-04 4.829032e+07 4.836524e+11 
732 4.529505e-04 4.826368e+07 4.843851e+11 
733 4.531860e-04 4.823188e+07 4.852745e+11 
734 4.533272e-04 4.821269e+07 4.858184e+11 
735 4.534685e-04 4.819358e+07 4.863171e+11 
736 4.536381e-04 4.817056e+07 4.868968e+11 
737 4.538416e-04 4.814301e+07 4.876915e+11 
738 4.539636e-04 4.812636e+07 4.881146e+11 
739 4.540857e-04 4.810972e+07 4.885515e+11 
740 4.542322e-04 4.808992e+07 4.891093e+11 
741 4.544080e-04 4.806619e+07 4.897705e+11 
742 4.546190e-04 4.803763e+07 4.906400e+11 
743 4.548721e-04 4.800348e+07 4.916361e+11 
744 4.551759e-04 4.796255e+07 4.929031e+11 
745 4.555404e-04 4.791339e+07 4.943520e+11 
746 4.559778e-04 4.785461e+07 4.961638e+11 
747 4.562403e-04 4.781893e+07 4.969208e+11 
748 4.563715e-04 4.780098e+07 4.972878e+11 
749 4.565028e-04 4.778307e+07 4.976760e+11 
750 4.566602e-04 4.776158e+07 4.981930e+11 
751 4.568492e-04 4.773599e+07 4.988739e+11 
752 4.570760e-04 4.770543e+07 4.997577e+11 
753 4.573481e-04 4.766884e+07 5.008192e+11 
754 4.576746e-04 4.762509e+07 5.021541e+11 
755 4.580665e-04 4.757269e+07 5.037574e+11 
756 4.583016e-04 4.754108e+07 5.044871e+11 
757 4.584191e-04 4.752516e+07 5.048154e+11 
758 4.585367e-04 4.750895e+07 5.051967e+11 
759 4.586778e-04 4.748973e+07 5.057353e+11 
760 4.588470e-04 4.746698e+07 5.063653e+11 
761 4.590502e-04 4.743976e+07 5.071232e+11 
762 4.592939e-04 4.740730e+07 5.080356e+11 
763 4.595865e-04 4.736827e+07 5.092307e+11 
764 4.597620e-04 4.734482e+07 5.097601e+11 
765 4.599375e-04 4.732126e+07 5.103550e+11 
766 4.601481e-04 4.729323e+07 5.110960e+11 
767 4.604008e-04 4.725955e+07 5.121117e+11 
