dataFileVersion = 4
numFileSegments = 1
minCoordinates = [
 0.000000
 0.000000
 0.000000
 ]
maxCoordinates = [
 80321.285141
 80321.285141
 80321.285141
 ]
nodeCount = 40
dataDecompType = 2
dataDecompGeometry = [
 1
 1
 1
 ]

#
#  END OF DATA FILE PARAMETERS
#

domainDecomposition = 
# Dom_ID  Minimum XYZ bounds   Maximum XYZ bounds
  0  0.000000  0.000000  0.000000  80321.285141  80321.285141  80321.285141
nodalData =
# Primary lines: node_tag, x, y, z, num_arms, constraint
# Secondary lines: arm_tag, burgx, burgy, burgz, nx, ny, nz
0,    0 15073.541237539430 30331.072840641769 42215.165307487681    1    7
         0,    1  -0.000000000000  -0.707106781187   0.707106781187
                   0.577350269190   0.577350269190   0.577350269190
0,    1 18570.485887803556 36738.519593895951 32310.773903969377    2    0
         0,    0   0.000000000000   0.707106781187  -0.707106781187
                   0.577350269190   0.577350269190   0.577350269190
         0,    2  -0.000000000000  -0.707106781187   0.707106781187
                   0.577350269190   0.577350269190   0.577350269190
0,    2 22067.430538067681 43145.966347150126 22406.382500451073    2    0
         0,    1   0.000000000000   0.707106781187  -0.707106781187
                   0.577350269190   0.577350269190   0.577350269190
         0,    3  -0.000000000000  -0.707106781187   0.707106781187
                   0.577350269190   0.577350269190   0.577350269190
0,    3 25564.375188331807 49553.413100404301 12501.991096932768    2    0
         0,    2   0.000000000000   0.707106781187  -0.707106781187
                   0.577350269190   0.577350269190   0.577350269190
         0,    4  -0.000000000000  -0.707106781187   0.707106781187
                   0.577350269190   0.577350269190   0.577350269190
0,    4 29061.319838595933 55960.859853658483 2597.599693414464    1    7
         0,    3   0.000000000000   0.707106781187  -0.707106781187
                   0.577350269190   0.577350269190   0.577350269190
0,    5 33001.959973591220 18415.347817214970 78214.154513629750    1    7
         0,    6  -0.707106781187  -0.000000000000   0.707106781187
                   0.577350269190  -0.577350269190   0.577350269190
0,    6 42198.989580028923 25509.774222527474 76111.551312504555    2    0
         0,    5   0.707106781187   0.000000000000  -0.707106781187
                   0.577350269190  -0.577350269190   0.577350269190
         0,    7  -0.707106781187  -0.000000000000   0.707106781187
                   0.577350269190  -0.577350269190   0.577350269190
0,    7 51396.019186466627 32604.200627839979 74008.948111379359    2    0
         0,    6   0.707106781187   0.000000000000  -0.707106781187
                   0.577350269190  -0.577350269190   0.577350269190
         0,    8  -0.707106781187  -0.000000000000   0.707106781187
                   0.577350269190  -0.577350269190   0.577350269190
0,    8 60593.048792904323 39698.627033152487 71906.344910254164    2    0
         0,    7   0.707106781187   0.000000000000  -0.707106781187
                   0.577350269190  -0.577350269190   0.577350269190
         0,    9  -0.707106781187  -0.000000000000   0.707106781187
                   0.577350269190  -0.577350269190   0.577350269190
0,    9 69790.078399342019 46793.053438464987 69803.741709128968    1    7
         0,    8   0.707106781187   0.000000000000  -0.707106781187
                   0.577350269190  -0.577350269190   0.577350269190
0,   10 9546.579903598045 27911.104047306151 13802.122646306529    1    7
         0,   11   0.000000000000   0.707106781187   0.707106781187
                   0.577350269190  -0.577350269190   0.577350269190
0,   11 17364.977534196707 33040.788964884494 11113.409933286213    2    0
         0,   10  -0.000000000000  -0.707106781187  -0.707106781187
                   0.577350269190  -0.577350269190   0.577350269190
         0,   12   0.000000000000   0.707106781187   0.707106781187
                   0.577350269190  -0.577350269190   0.577350269190
0,   12 25183.375164795369 38170.473882462844 8424.697220265896    2    0
         0,   11  -0.000000000000  -0.707106781187  -0.707106781187
                   0.577350269190  -0.577350269190   0.577350269190
         0,   13   0.000000000000   0.707106781187   0.707106781187
                   0.577350269190  -0.577350269190   0.577350269190
0,   13 33001.772795394034 43300.158800041187 5735.984507245580    2    0
         0,   12  -0.000000000000  -0.707106781187  -0.707106781187
                   0.577350269190  -0.577350269190   0.577350269190
         0,   14   0.000000000000   0.707106781187   0.707106781187
                   0.577350269190  -0.577350269190   0.577350269190
0,   14 40820.170425992692 48429.843717619529 3047.271794225264    1    7
         0,   13  -0.000000000000  -0.707106781187  -0.707106781187
                   0.577350269190  -0.577350269190   0.577350269190
0,   15 35687.713992041463 77830.131573107399 16801.417662777363    1    7
         0,   16  -0.000000000000  -0.707106781187  -0.707106781187
                   0.577350269190   0.577350269190  -0.577350269190
0,   16 43788.467804214619 76918.270215316443 23990.310117159563    2    0
         0,   15   0.000000000000   0.707106781187   0.707106781187
                   0.577350269190   0.577350269190  -0.577350269190
         0,   17  -0.000000000000  -0.707106781187  -0.707106781187
                   0.577350269190   0.577350269190  -0.577350269190
0,   17 51889.221616387775 76006.408857525486 31179.202571541762    2    0
         0,   16   0.000000000000   0.707106781187   0.707106781187
                   0.577350269190   0.577350269190  -0.577350269190
         0,   18  -0.000000000000  -0.707106781187  -0.707106781187
                   0.577350269190   0.577350269190  -0.577350269190
0,   18 59989.975428560923 75094.547499734545 38368.095025923962    2    0
         0,   17   0.000000000000   0.707106781187   0.707106781187
                   0.577350269190   0.577350269190  -0.577350269190
         0,   19  -0.000000000000  -0.707106781187  -0.707106781187
                   0.577350269190   0.577350269190  -0.577350269190
0,   19 68090.729240734072 74182.686141943588 45556.987480306168    1    7
         0,   18   0.000000000000   0.707106781187   0.707106781187
                   0.577350269190   0.577350269190  -0.577350269190
0,   20 36253.533602296578 7741.864705517539 40945.861282344580    1    7
         0,   21   0.707106781187  -0.707106781187   0.000000000000
                   0.577350269190   0.577350269190  -0.577350269190
0,   21 29765.499286953611 12924.989630580547 39640.951892064622    2    0
         0,   20  -0.707106781187   0.707106781187  -0.000000000000
                   0.577350269190   0.577350269190  -0.577350269190
         0,   22   0.707106781187  -0.707106781187   0.000000000000
                   0.577350269190   0.577350269190  -0.577350269190
0,   22 23277.464971610643 18108.114555643555 38336.042501784657    2    0
         0,   21  -0.707106781187   0.707106781187  -0.000000000000
                   0.577350269190   0.577350269190  -0.577350269190
         0,   23   0.707106781187  -0.707106781187   0.000000000000
                   0.577350269190   0.577350269190  -0.577350269190
0,   23 16789.430656267672 23291.239480706565 37031.133111504700    2    0
         0,   22  -0.707106781187   0.707106781187  -0.000000000000
                   0.577350269190   0.577350269190  -0.577350269190
         0,   24   0.707106781187  -0.707106781187   0.000000000000
                   0.577350269190   0.577350269190  -0.577350269190
0,   24 10301.396340924708 28474.364405769571 35726.223721224742    1    7
         0,   23  -0.707106781187   0.707106781187  -0.000000000000
                   0.577350269190   0.577350269190  -0.577350269190
0,   25 48610.415203857003 66972.385605323390 63271.913247169272    1    7
         0,   26  -0.000000000000  -0.707106781187   0.707106781187
                  -0.577350269190   0.577350269190   0.577350269190
0,   26 42615.097936662249 66837.013544871326 57411.968040426582    2    0
         0,   25   0.000000000000   0.707106781187  -0.707106781187
                  -0.577350269190   0.577350269190   0.577350269190
         0,   27  -0.000000000000  -0.707106781187   0.707106781187
                  -0.577350269190   0.577350269190   0.577350269190
0,   27 36619.780669467502 66701.641484419262 51552.022833683892    2    0
         0,   26   0.000000000000   0.707106781187  -0.707106781187
                  -0.577350269190   0.577350269190   0.577350269190
         0,   28  -0.000000000000  -0.707106781187   0.707106781187
                  -0.577350269190   0.577350269190   0.577350269190
0,   28 30624.463402272748 66566.269423967198 45692.077626941209    2    0
         0,   27   0.000000000000   0.707106781187  -0.707106781187
                  -0.577350269190   0.577350269190   0.577350269190
         0,   29  -0.000000000000  -0.707106781187   0.707106781187
                  -0.577350269190   0.577350269190   0.577350269190
0,   29 24629.146135077997 66430.897363515134 39832.132420198519    1    7
         0,   28   0.000000000000   0.707106781187  -0.707106781187
                  -0.577350269190   0.577350269190   0.577350269190
0,   30 39402.758401990679 31272.956186981377 14046.379578484421    1    7
         0,   31   0.707106781187   0.707106781187   0.000000000000
                  -0.577350269190   0.577350269190   0.577350269190
0,   31 47242.615122897834 31211.654343114191 21947.538143258767    2    0
         0,   30  -0.707106781187  -0.707106781187  -0.000000000000
                  -0.577350269190   0.577350269190   0.577350269190
         0,   32   0.707106781187   0.707106781187   0.000000000000
                  -0.577350269190   0.577350269190   0.577350269190
0,   32 55082.471843804989 31150.352499247001 29848.696708033112    2    0
         0,   31  -0.707106781187  -0.707106781187  -0.000000000000
                  -0.577350269190   0.577350269190   0.577350269190
         0,   33   0.707106781187   0.707106781187   0.000000000000
                  -0.577350269190   0.577350269190   0.577350269190
0,   33 62922.328564712152 31089.050655379815 37749.855272807457    2    0
         0,   32  -0.707106781187  -0.707106781187  -0.000000000000
                  -0.577350269190   0.577350269190   0.577350269190
         0,   34   0.707106781187   0.707106781187   0.000000000000
                  -0.577350269190   0.577350269190   0.577350269190
0,   34 70762.185285619315 31027.748811512625 45651.013837581806    1    7
         0,   33  -0.707106781187  -0.707106781187  -0.000000000000
                  -0.577350269190   0.577350269190   0.577350269190
0,   35 8837.829779513748 7024.276005761842 69520.464417083203    1    7
         0,   36   0.707106781187  -0.707106781187   0.000000000000
                   0.577350269190   0.577350269190   0.577350269190
0,   36 17865.790943745567 5404.115689017698 62112.663569595526    2    0
         0,   35  -0.707106781187   0.707106781187  -0.000000000000
                   0.577350269190   0.577350269190   0.577350269190
         0,   37   0.707106781187  -0.707106781187   0.000000000000
                   0.577350269190   0.577350269190   0.577350269190
0,   37 26893.752107977391 3783.955372273555 54704.862722107850    2    0
         0,   36  -0.707106781187   0.707106781187  -0.000000000000
                   0.577350269190   0.577350269190   0.577350269190
         0,   38   0.707106781187  -0.707106781187   0.000000000000
                   0.577350269190   0.577350269190   0.577350269190
0,   38 35921.713272209206 2163.795055529412 47297.061874620173    2    0
         0,   37  -0.707106781187   0.707106781187  -0.000000000000
                   0.577350269190   0.577350269190   0.577350269190
         0,   39   0.707106781187  -0.707106781187   0.000000000000
                   0.577350269190   0.577350269190   0.577350269190
0,   39 44949.674436441033 543.634738785268 39889.261027132496    1    7
         0,   38  -0.707106781187   0.707106781187  -0.000000000000
                   0.577350269190   0.577350269190   0.577350269190
